n	HOF	Energy	Hardness	ECP	Electrophilicity	eas_a1	nas_a1	hardness_a1	eas_a2	nas_a2	hardness_a2	eas_a3	nas_a3	hardness_a3	eas_a4	nas_a4	hardness_a4	chg_a1	chg_a2	chg_a3	chg_a4	CT1	SPI1	HPI1
0	-2445.73	-50504.8	9.123	-4.0105	0.10961307	4.10E-06	0.00165513	5.82647	0.034021	0.0010577	6.28166	2.97E-06	0.207786	5.64018	6.10E-07	0.0002562	6.00253	-0.41743	2.55459	-0.53774	0.27583	-2.12E-09	5.47E-08	11.4432
1	-2444.83	-50504.7	9.117	-4.0145	0.1096852	5.57E-06	0.0016383	5.83745	0.0345198	0.00103133	6.28509	3.54E-06	0.207747	5.64304	7.60E-07	0.00025974	6.0101	-0.41991	2.56107	-0.53801	0.27658	-2.93E-09	5.65E-08	11.7958
2	-2444.18	-50504.7	9.108	-4.017	0.10979359	7.06E-06	0.0016153	5.84947	0.0350629	0.00101546	6.28943	3.99E-06	0.207919	5.64385	1.58E-06	0.00026678	6.01649	-0.4232	2.56E+00	-5.37E-01	0.27784	-3.78E-09	5.84E-08	12.186
3	-2444.16	-50504.7	9.095	-4.0185	0.10995052	9.87E-06	0.00160055	5.86088	0.0357105	0.00099663	6.29344	1.38E-05	0.207584	5.64707	2.54E-06	0.00027886	6.02453	-0.42723	2.56603	-0.5379	0.27857	-5.38E-09	6.09E-08	12.5718
4	-2444.24	-50504.7	9.089	-4.0205	0.1100231	1.31E-05	0.00157472	5.86814	0.0368953	0.00092743	6.2944	1.33E-05	0.207496	5.64855	3.91E-06	0.00029434	6.02889	-0.43172	2.56677	-0.53821	0.27977	-7.22E-09	6.36E-08	12.9289
5	-2448.21	-50504.9	9.065	-4.0345	0.1103144	2.02E-05	0.00159566	5.88008	0.0374318	0.00089194	6.30036	1.33E-05	0.207555	5.64391	7.02E-06	0.0002851	6.03118	-0.43964	2.57256	-0.53757	0.28043	-1.16E-08	6.81E-08	13.3995
6	-2448.81	-50504.9	9.057	-4.0415	0.11041184	2.71E-05	0.00157592	5.88587	0.0387096	0.00085195	6.30026	1.46E-05	0.207244	5.64545	1.05E-05	0.00028142	6.0348	-0.44537	2.57763	-0.53837	0.28252	-1.58E-08	7.17E-08	13.7566
7	-2448.05	-50504.9	9.054	-4.043	0.11044842	3.43E-05	0.00155372	5.89119	0.040266	0.00075728	6.29994	1.44E-05	0.206857	5.64709	1.05E-05	0.00027242	6.03861	-0.45226	2.58215	-0.5389	0.28503	-2.02E-08	7.55E-08	14.1022
8	-2447.92	-50504.9	9.05	-4.041	0.11049724	4.28E-05	0.00153426	5.89373	0.0420642	0.00068389	6.29826	1.39E-05	0.206582	5.6473	1.48E-05	0.00026679	6.03915	-0.45994	2.59E+00	-5.39E-01	0.288	-2.55E-08	7.99E-08	14.4107
9	-2468.96	-50505.8	5.09	-1.677	0.19646365	0.00012779	0.0124465	5.90299	0.0107617	0.00752648	6.30299	0.0006489	0.195205	5.6571	4.00E-08	0.00129622	6.04802	-0.46446	2.58657	-0.56008	0.29539	-6.28E-07	8.77E-07	14.6977
10	-2465.5	-50505.6	5.065	-1.6385	0.19743337	0.00015784	0.0125888	5.89875	0.0116485	0.0103049	6.29669	0.00061948	0.192916	5.65516	1.21E-06	0.00156506	6.04493	-0.47157	2.58697	-0.56144	0.29818	-7.93E-07	1.09E-06	14.8179
11	-2458.01	-50505.3	5.885	-1.9555	0.16992353	0.00021573	0.0127463	5.87305	0.0180925	0.00976086	6.27651	0.0004731	0.192454	5.65232	3.24E-06	0.00121294	6.02792	-0.47102	2.5704	-0.5649	0.29994	-1.07E-06	1.01E-06	14.3465
12	-2461.16	-50505.5	6.309	-2.3365	0.15850372	0.00013252	0.0119584	5.84435	0.033285	0.0136006	6.24894	0.00035815	0.192439	5.64941	8.41E-06	0.00059534	6.00742	-0.47047	2.5557	-0.56555	0.29856	-5.95E-07	1.34E-06	13.7049
13	-2460.8	-50505.4	6.263	-2.2965	0.15966789	0.00016555	0.0119894	5.84458	0.0320866	0.0145332	6.24429	0.00035989	0.191522	5.64998	1.02E-05	0.00061824	6.00696	-0.47469	2.55175	-0.56655	0.30036	-7.54E-07	1.37E-06	13.858
14	-2459.92	-50505.4	5.968	-2.144	0.16756032	0.00022666	0.0118372	5.84328	0.0290051	0.0166221	6.23781	0.00033992	0.191008	5.65084	8.41E-06	0.00054386	6.00551	-0.47803	2.55042	-0.56811	0.30191	-1.03E-06	1.48E-06	13.9959
15	-2439.59	-50504.5	6.677	-2.1935	0.14976786	0.00054404	0.0121252	5.82701	0.0376841	0.00682534	6.21884	0.00060865	0.178929	5.66621	5.39E-05	0.00048698	6.00118	-0.47645	2.52051	-0.60611	0.30516	-2.52E-06	1.21E-06	13.8251
16	-2434.17	-50504.3	6.422	-2.11	0.15571473	0.00047794	0.0118158	5.82153	0.0325114	0.00536979	6.20921	0.00023428	0.188064	5.65058	4.00E-08	0.00058308	5.98847	-0.46421	2.53667	-0.57329	0.2971	-2.20E-06	1.10E-06	14.0669
17	-2438	-50504.5	6.485	-2.1155	0.154202	0.00086022	0.0115831	5.83327	0.0333461	0.00730765	6.21289	0.0006467	0.178548	5.66273	4.23E-05	0.00052725	6.00047	-0.48529	2.51287	-0.60649	0.30906	-3.96E-06	1.19E-06	14.391
18	-2437.5	-50504.4	6.161	-1.9425	0.16231131	0.00140295	0.011573	5.84047	0.0341488	0.0123143	6.21222	0.00065669	0.177772	5.66763	3.48E-05	0.00063852	6.00783	-0.49048	2.5114	-0.60825	0.31135	-6.58E-06	1.61E-06	14.6991
19	-2431.9	-50504.2	4.861	-1.3465	0.20571899	0.00648748	0.0131736	5.83781	0.0354651	0.041727	6.20562	0.00037615	0.186174	5.65722	1.94E-05	0.0024091	6.00104	-0.48008	2.52363	-0.57508	0.30437	-3.55E-05	6.66E-06	15.0297
20	-2430.22	-50504.1	4.883	-1.3565	0.20479214	0.00925094	0.0137963	5.84397	0.0353582	0.0413828	6.20582	0.00047093	0.185083	5.65851	4.36E-05	0.00325955	6.00467	-0.48577	2.52233	-0.57659	0.30785	5.44E-05	7.90E-06	15.4452
21	-2420.6	-50503.7	4.319	-1.0165	0.23153508	0.014663	0.00831713	5.85738	0.0293323	0.0464094	6.21705	0.0033969	0.168761	5.66755	0.00033489	0.00546379	6.01326	-0.49638	2.49744	-0.62566	0.31951	5.37E-05	1.03E-05	16.0432
22	-2425.76	-50503.9	4.795	-1.2615	0.20855057	0.0183921	0.0210999	5.86411	0.0375853	0.0628335	6.21407	0.00162315	0.17793	5.67135	2.12E-05	0.00977795	6.02062	-0.51615	2.5121	-0.60279	0.32647	0.000175415	1.77E-05	16.4715
23	-2429.83	-50504.1	4.961	-1.3865	0.20157226	0.026942	0.0264023	5.86431	0.0344984	0.0693843	6.2127	0.00115897	0.180132	5.6632	0.00034969	0.0129376	6.01514	-0.51182	2.51232	-0.58391	0.32455	0.000333379	2.64E-05	17.0751
24	-2431.9	-50504.2	5.092	-1.448	0.19638649	0.0357838	0.0274953	5.872	0.0340123	0.0612861	6.21834	0.00153634	0.178299	5.66372	0.00057121	0.0159953	6.017	-0.52409	2.51444	-0.58705	0.333	0.000481522	2.85E-05	17.8703
25	-2478.41	-50506.2	6.268	-2.1	0.15954052	0.0530071	0.0665951	5.87065	0.0394623	0.268839	6.21015	0.00100214	0.197183	5.65744	0.00015876	0.050259	6.01227	-0.55125	2.53E+00	-5.58E-01	0.34671	0.00178732	0.000118802	18.4593
26	-2434.21	-50504.3	9.171	-3.9485	0.10903936	1.81E-06	0.357843	5.87266	5.39E-06	0.00331463	6.21121	1.45E-06	0.188382	5.6583	2.70E-07	0.00061881	6.01385	-0.55402	2.5178	-0.57476	0.35102	-3.34E-07	1.82E-06	18.8233
27	-2435.11	-50504.3	9.168	-3.947	0.10907504	1.81E-06	0.353699	5.87048	5.41E-06	0.00311065	6.20601	1.45E-06	0.187121	5.65718	2.70E-07	0.00059634	6.01066	-0.55688	2.5129	-0.57748	0.35416	-3.36E-07	1.72E-06	19.1005
28	-2435.26	-50504.3	9.156	-3.956	0.109218	1.77E-06	0.347016	5.86782	4.90E-06	0.00294386	6.20407	1.37E-06	0.186413	5.65489	3.40E-07	0.00056925	6.00472	-0.56421	2.51336	-0.57789	0.36114	-3.29E-07	1.63E-06	19.4861
29	-2436.51	-50504.4	9.154	-3.955	0.10924186	1.72E-06	0.344032	5.86468	5.01E-06	0.00275805	6.19917	1.37E-06	0.185605	5.65497	3.40E-07	0.00055537	6.00071	-0.56657	2.51E+00	-5.79E-01	0.36528	-3.20E-07	1.53E-06	19.6749
30	-2436.89	-50504.4	9.151	-3.9515	0.10927767	1.61E-06	0.341532	5.86018	4.72E-06	0.00263294	6.19149	1.15E-06	0.184745	5.65364	2.70E-07	0.0005388	5.99723	-0.56734	2.50382	-0.58143	0.36708	-3.00E-07	1.47E-06	19.8113
31	-2438.08	-50504.5	9.154	-3.951	0.10924186	1.57E-06	0.338748	5.8573	4.73E-06	0.00248647	6.18642	1.14E-06	0.183897	5.6531	2.70E-07	0.00052437	5.99414	-0.56935	2.51E+00	-5.82E-01	0.36952	-2.93E-07	1.39E-06	19.9824
