n	HOF	Energy	Hardness	ECP	Electrophilicity	eas_a1	nas_a1	hardness_a1	chg_a1	chg_a2	eas_a2	nas_a2	hardness_a2	CT	SPI	HPI_A	HPI_B	HPI_C	HPI_D	method
0	0	-40923.5	10.05	-3.982	0.09950249	2.95566	0.00043499	5.72951	-0.90219	-0.02198	0.0011845	0.00570311	5.94028	0.000330082	1.29E-05	8.73803	34.3017	0.0141388	0.113576	AM1
1	0.012000000000001	-40923.5	10.065	-3.9885	0.0993542	2.95443	0.00048236	5.73833	-0.90055	-0.01703	0.00117339	0.00579205	5.94466	0.000379596	1.35E-05	9.08634	37.0929	0.0146468	0.118075	AM1
2	0.530000000000001	-40923.5	10.064	-3.988	0.09936407	2.95478	0.00053119	5.74386	-0.9019	-0.01693	0.00024451	0.00576629	5.95518	0.000434753	1.21E-05	9.47469	35.0761	0.0151199	0.0607273	AM1
3	0.205999999999989	-40923.5	10.078	-3.994	0.09922604	2.95369	0.00063759	5.75297	-0.90069	-0.01556	0.00029806	0.00583355	5.95857	0.000542751	1.29E-05	9.87935	36.6656	0.0157414	0.0675854	AM1
4	1.916	-40923.4	10.077	-3.9925	0.09923588	2.9549	0.00064058	5.75812	-0.90399	-0.01549	0.0003954	0.00577722	5.96735	0.000569014	1.35E-05	10.3293	38.3366	0.0163193	0.0771246	AM1
5	1.84999999999999	-40923.4	10.092	-3.999	0.09908839	2.95442	0.0008182	5.76709	-0.90278	-0.01279	0.00052416	0.00579992	5.9711	0.00075813	1.44E-05	10.8	41.0715	0.0170474	0.0906414	AM1
6	3.91	-40923.3	10.098	-4	0.09902951	2.95596	0.00078797	5.77121	-0.90597	-0.00692	0.00075107	0.00569378	5.97937	0.000764278	1.53E-05	11.3231	43.0623	0.0177788	0.112078	AM1
7	5.40200000000002	-40923.3	10.112	-4.006	0.09889241	2.95554	0.00099216	5.78032	-0.90427	0.00118	0.00111509	0.00564971	5.98343	0.00100639	1.68E-05	11.8699	46.749	0.0185912	0.147418	AM1
8	8.54900000000001	-40923.1	10.094	-3.997	0.09906875	2.95804	0.00058047	5.77972	-0.90785	0.02125	0.00211968	0.00567559	5.98085	0.000618387	2.04E-05	12.4493	51.566	0.0193504	0.242132	AM1
9	12.686	-40922.9	10.105	-4.0015	0.09896091	2.95723	0.00068484	5.787	-0.90288	0.0447	0.00345611	0.00432521	5.98464	0.000763075	2.12E-05	13.0492	55.3645	0.0202204	0.361549	AM1
10	18.458	-40922.7	10.109	-4.0015	0.09892175	2.95552	0.0149867	5.79124	-0.89419	0.07486	0.00612199	0.677256	5.98863	0.0174721	0.00195894	13.6806	58.2293	0.0211356	8.11946	AM1
11	24.492	-40922.4	10.098	-3.996	0.09902951	2.95048	0.0295731	5.79676	-0.87087	0.11125	0.216089	0.707589	5.98947	0.0359871	0.00278337	14.3196	69.2347	0.0218139	29.7487	AM1
12	29.814	-40922.2	10.093	-3.9925	0.09907857	2.94035	0.0642079	5.78848	-0.81659	0.16769	0.185832	0.735112	5.97067	0.0813753	0.00292697	14.8968	71.5966	0.0228661	28.1902	AM1
13	30.302	-40922.2	10.074	-3.983	0.09926544	0.95055	0.125355	5.78864	-0.70187	0.18892	0.135686	0.752573	5.96394	0.0534692	0.00105642	15.4916	71.4451	0.0251641	7.88019	AM1
14	25.606	-40922.4	10.056	-3.973	0.09944312	0.922771	0.195432	5.78682	-0.56536	0.15436	0.110162	0.744073	5.9527	0.0842366	0.00110306	16.0904	80.3438	0.0263419	7.06362	AM1
15	18.942	-40922.7	10.041	-3.9655	0.09959167	0.899244	0.248673	5.79007	-0.45489	0.08859	0.110558	0.717896	5.95229	0.109336	0.00115298	16.851	83.3591	0.0276072	7.14213	AM1
16	11.959	-40923	10.021	-3.9535	0.09979044	0.883214	0.293488	5.77963	-0.36868	0.02554	0.114596	0.688621	5.94044	0.131549	0.00119412	17.424	89.9757	0.0288118	7.32815	AM1
17	7.08699999999999	-40923.2	10.029	-3.9555	0.09971084	0.00091876	0.331919	5.78068	-0.30336	-0.03065	0.00442369	0.658727	5.93959	0.000160109	0.00028804	18.0268	89.1684	0.0308645	0.139253	AM1
18	3.84999999999999	-40923.3	10.014	-3.951	0.0998602	0.99593	0.355653	5.77663	-0.25625	-0.06485	0.0046704	0.637784	5.93599	0.190278	0.0011629	18.4205	92.5151	0.0310775	3.57266	AM1
19	2.678	-40923.4	10.025	-3.9535	0.09975062	0.995241	0.369015	5.77342	-0.22732	-0.08981	0.00436004	0.625208	5.93475	0.200721	0.0011677	18.7265	93.633	0.0319561	3.56941	AM1
20	3.19800000000001	-40923.4	10.03	-3.958	0.0997009	0.994824	0.378666	5.76708	-0.20509	-0.10213	0.00361198	0.614796	5.93392	0.208309	0.0011672	18.9236	95.6338	0.0326371	3.51869	AM1
21	5.993	-40923.2	10.026	-3.957	0.09974067	0.995506	0.383945	5.74243	-0.19567	-0.09354	0.00261618	0.608266	5.9096	0.210151	0.0011523	18.6583	88.6367	0.033185	3.41728	AM1
22	5.374	-40923.3	10.029	-3.9595	0.09971084	0.994979	0.393064	5.7369	-0.17493	-0.10981	0.00290604	0.600317	5.90745	0.217833	0.00115918	18.8766	89.1592	0.0339639	3.43178	AM1
23	3.72300000000001	-40923.3	10.02	-3.957	0.0998004	1.98692	0.403059	5.7186	-0.15465	-0.12414	0.00656966	0.591723	5.89206	0.449546	0.00199865	18.914	94.2231	0.0336178	6.98328	AM1
24	3.04900000000001	-40923.4	10.029	-3.9605	0.09971084	1.98575	0.411182	5.71728	-0.13569	-0.13853	0.00699221	0.58463	5.89175	0.463783	0.00200208	19.1333	94.9972	0.0341711	7.0403	AM1
0	0	-37476.8	9.489	-4.0195	0.10538518	0.990063	0.00024152	5.72865	-0.9043	0.03277	0.00134162	0.0058582	5.94062	6.14E-05	5.08E-06	8.73722	35.419	0.0132019	0.0356564	PM3
1	-0.112000000000023	-37476.8	9.488	-4.018	0.10539629	0.988649	0.00024825	5.73739	-0.90245	0.03729	0.00134731	0.00590439	5.94494	6.54E-05	5.30E-06	9.0853	36.1197	0.0136433	0.037133	PM3
2	-0.222000000000037	-37476.8	9.485	-4.0165	0.10542963	0.989388	0.00024013	5.74283	-0.90378	0.03701	0.00133664	0.00588019	5.95517	6.58E-05	5.50E-06	9.47298	37.5997	0.0140922	0.0383515	PM3
3	-0.436000000000036	-37476.8	9.485	-4.0155	0.10542963	0.988286	0.00027033	5.75191	-0.90266	0.03812	0.00133312	0.00592228	5.9585	7.70E-05	5.74E-06	9.87739	39.2357	0.014629	0.0398652	PM3
4	0.28	-37476.3	9.481	-4.0135	0.10547411	0.988415	0.00549425	5.75702	-0.89513	0.03672	0.0020839	0.0059453	5.96693	0.00163251	6.67E-06	10.3266	43.1091	0.015152	0.058721	PM3
5	0.23599999999999	-37476.8	9.477	-4.0105	0.10551862	0.989081	0.000304	5.76581	-0.90496	0.03896	0.00209827	0.00597352	5.97064	9.43E-05	6.97E-06	10.7968	44.7299	0.0157858	0.0616259	PM3
6	0.892999999999972	-37476.8	9.471	-4.0095	0.10558547	0.990261	0.00027968	5.77	-0.90813	0.04226	0.00189091	0.00602472	5.97874	9.09E-05	7.17E-06	11.3195	46.0713	0.0164424	0.0594195	PM3
7	2.40999999999997	-37476.7	9.467	-4.0065	0.10563008	0.99006	0.00033729	5.77904	-0.90813	0.04917	0.00188934	0.00506332	5.98279	0.000114607	6.59E-06	11.866	48.9117	0.0171345	0.0599758	PM3
8	4.46799999999996	-37476.6	9.46	-4.003	0.10570825	0.99155	0.00020537	5.77841	-0.91307	0.07089	0.00181939	0.00526286	5.9801	7.33E-05	7.07E-06	12.4449	51.2287	0.0178861	0.0614852	PM3
9	8.60999999999996	-37476.4	9.455	-4.0005	0.10576415	0.991258	0.00268439	5.78552	-0.91291	0.09665	0.00205547	0.650124	5.9838	0.00100259	0.000683027	13.044	53.7715	0.0186304	1.59957	PM3
10	13.962	-37476.2	9.448	-3.996	0.10584251	0.990904	0.00587786	5.78963	-0.91155	0.13475	0.00284003	0.665667	5.98786	0.0022975	0.000736159	13.675	56.4347	0.0193927	1.73701	PM3
11	21.319	-37475.9	9.438	-3.991	0.10595465	0.988573	0.0134635	5.79507	-0.90107	0.18589	0.0430518	0.700398	5.98892	0.0054894	0.000862328	14.3141	63.2076	0.0201335	3.14599	PM3
12	29.7	-37475.5	9.439	-3.9845	0.10594343	0.981515	0.0378093	5.78707	-0.86606	0.27825	0.185702	0.738386	5.97139	0.0159956	0.00113925	14.895	66.2938	0.0208033	7.97621	PM3
13	35.432	-37475.3	9.416	-3.972	0.10620221	0.956315	0.0961063	5.78756	-0.75669	0.33222	0.138147	0.767458	5.96533	0.0412419	0.00120593	15.4923	76.2184	0.021683	6.62646	PM3
14	34.186	-37475.3	9.245	-4.0325	0.10816658	0.0062869	0.181768	5.78623	-0.58892	0.28567	0.0363812	0.755771	5.95448	0.000533785	0.000203532	16.0935	80.0698	0.0226509	0.0574469	PM3
15	29.024	-37475.6	9.375	-3.9485	0.10666667	0.00342315	0.250491	5.78976	-0.44545	0.18176	0.0161188	0.718823	5.95373	0.000419254	0.000259535	16.8542	83.4786	0.0246117	0.0703692	PM3
16	22.2809999999999	-37475.9	9.367	-3.9425	0.10675777	0.00143338	0.305272	5.7798	-0.33768	0.08406	0.00766028	0.679327	5.94196	0.000222064	0.000304676	17.429	85.6829	0.0258642	0.0689461	PM3
17	17.261	-37476.1	9.375	-3.9445	0.10666667	1.94009	0.355262	5.78116	-0.26011	0.00434	0.0568055	0.63422	5.94097	0.361871	0.00236878	18.0325	95.0413	0.0255795	8.58795	PM3
18	13.625	-37476.2	9.367	-3.9415	0.10675777	1.93334	0.382413	5.77714	-0.20811	-0.03792	0.0633856	0.60944	5.93739	0.397167	0.00238488	18.4264	97.6258	0.0264376	9.10023	PM3
19	12.15	-37476.3	9.381	-3.9465	0.10659844	1.926	0.397066	5.77403	-0.17698	-0.06557	0.0695561	0.595747	5.93623	0.417965	0.00239963	18.7331	98.8913	0.0272168	9.66011	PM3
20	11.636	-37476.3	9.39	-3.951	0.10649627	1.91541	0.407237	5.76793	-0.15396	-0.07491	0.0783242	0.58518	5.93576	0.431333	0.00241624	18.9322	98.6052	0.0278013	10.3748	PM3
21	11.442	-37476.3	9.378	-3.948	0.10663254	0.995627	0.412959	5.7433	-0.1439	-0.05517	0.00139528	0.578628	5.91271	0.226059	0.00127693	18.671	88.4721	0.0288053	2.15834	PM3
22	12.539	-37476.3	9.383	-3.9505	0.10657572	0.994764	0.423805	5.73786	-0.11971	-0.07623	0.00146916	0.569428	5.91078	0.234818	0.00128089	18.8904	87.4354	0.0294797	2.15722	PM3
23	15.586	-37476.2	9.374	-3.948	0.10667805	0.990679	0.436224	5.71938	-0.09572	-0.09714	0.00526888	0.558839	5.89539	0.242588	0.0012855	18.9272	86.1828	0.0299382	2.28459	PM3
24	17.306	-37476.1	9.383	-3.9515	0.10657572	0.987178	0.44503	5.71837	-0.07565	-0.11629	0.00813527	0.55127	5.89539	0.249541	0.00129225	19.1488	86.7887	0.0304673	2.40725	PM3
0	0	-38019.8	8.866	-4.39	0.11279044	2.9567	0.00019157	5.72884	-0.94058	-0.00915	0.0151159	0.00578796	5.93656	0.00014542	5.05E-05	8.73152	41.9235	0.0108124	0.894984	PM6
1	-0.029999999999973	-38019.8	8.861	-4.3885	0.11285408	2.96314	0.00834975	5.73753	-0.93932	-0.00197	0.0131516	0.554626	5.9411	0.00659025	0.00143088	9.07965	41.2557	0.0111341	0.969563	PM6
2	-0.059999999999946	-38019.8	8.863	-4.3885	0.11282861	2.96357	0.00724224	5.7433	-0.94019	-0.00155	0.0245374	0.40325	5.95232	0.00594504	0.00112034	9.46923	44.2941	0.011463	1.69259	PM6
3	-0.091999999999985	-38019.8	8.888	-4.4	0.11251125	2.94258	0.00328792	5.75241	-0.93875	0.00054	0.0290903	0.514776	5.95594	0.00278832	0.00146127	9.87403	47.0937	0.0119732	2.09961	PM6
4	0.326000000000022	-38019.8	8.876	-4.396	0.11266336	2.96416	0.00174577	5.758	-0.94195	0.00093	0.0362146	0.0412707	5.96551	0.0015556	0.000219225	10.3259	52.0628	0.0123486	2.53207	PM6
5	0.142000000000053	-38019.8	8.891	-4.4025	0.11247329	2.95908	0.00053988	5.76705	-0.94038	0.00536	0.0120376	0.597005	5.96962	0.000501033	0.00178786	10.7972	51.515	0.0129281	1.0855	PM6
6	0.293000000000006	-38019.8	8.904	-4.406	0.11230907	2.94218	0.00101445	5.77164	-0.94249	0.01059	0.0273642	0.234384	5.97891	0.000979361	0.000797105	11.3231	54.6691	0.0134932	2.16505	PM6
7	1.18100000000004	-38019.8	8.913	-4.4095	0.11219567	2.95479	0.00206304	5.78069	-0.9405	0.02264	0.0723937	0.270403	5.98316	0.00209209	0.00109472	11.8701	60.1475	0.0140369	5.88511	PM6
8	2.58900000000006	-38019.7	8.89	-4.398	0.11248594	2.95227	0.00798524	5.78107	-0.94219	0.04946	0.0328945	0.117391	5.98235	0.00849025	0.000506827	12.4553	58.7268	0.0145987	2.78702	PM6
9	5.21900000000005	-38019.6	8.907	-4.4065	0.11227125	2.94229	0.00216621	5.78817	-0.93654	0.08022	0.0328792	0.0437118	5.9864	0.00240148	0.000267764	13.0557	63.4873	0.0152454	2.88152	PM6
10	8.91600000000005	-38019.4	8.906	-4.407	0.11228385	2.9264	0.0174643	5.79249	-0.92754	0.12065	0.0724124	0.488549	5.99099	0.02016	0.0020532	13.6889	70.3974	0.0158249	6.79181	PM6
11	13.266	-38019.3	8.915	-4.4115	0.1121705	2.94548	0.00625481	5.79799	-0.90646	0.15664	0.110886	0.265851	5.99206	0.00759849	0.00144268	14.3288	78.4548	0.0164751	10.7279	PM6
12	17.245	-38019.1	8.911	-4.4125	0.11222085	2.91908	0.0392299	5.78962	-0.85708	0.22335	0.245501	0.47334	5.97344	0.0493592	0.00288582	14.9066	84.8306	0.0169863	24.5204	PM6
13	19.5460000000001	-38019	8.924	-4.421	0.11205737	2.85443	0.0356629	5.78995	-0.76316	0.25024	0.255339	0.239004	5.96716	0.0456796	0.00201256	15.5035	80.1242	0.0178507	25.9203	PM6
14	19.308	-38019	8.932	-4.426	0.11195701	2.7576	0.00611195	5.78784	-0.63537	0.20672	0.276224	0.0662085	5.95525	0.0078727	0.00138523	16.1001	83.3337	0.0188523	28.1629	PM6
15	16.194	-38019.1	8.949	-4.4345	0.11174433	2.72796	0.0333	5.79112	-0.52446	0.12306	0.300703	0.099488	5.95431	0.0444161	0.00168665	16.8598	96.2826	0.0199553	31.8434	PM6
16	11.556	-38019.3	8.923	-4.4205	0.11206993	2.70007	0.00213933	5.77983	-0.4318	0.03397	0.337936	6.84E-05	5.94012	0.00293145	0.00145542	17.4237	98.5806	0.0209054	36.5311	PM6
17	8.44299999999998	-38019.5	8.931	-4.4245	0.11196954	2.63721	2.22E-05	5.78092	-0.35499	-0.05068	0.360936	2.50E-05	5.9384	3.08E-05	0.0015665	18.024	103.179	0.0219756	39.4967	PM6
18	5.68899999999996	-38019.6	8.925	-4.4215	0.11204482	2.42442	0.0731531	5.77606	-0.30477	-0.09695	0.447093	0.173714	5.93326	0.0952736	0.00261415	18.4102	110.01	0.0228252	46.0461	PM6
19	5.67600000000004	-38019.6	8.928	-4.424	0.11200717	2.38752	1.61E-05	5.77311	-0.26917	-0.13861	0.409239	1.18E-05	5.9317	2.09E-05	0.00167491	18.7159	112.226	0.0236656	42.1845	PM6
20	6.66999999999996	-38019.5	8.938	-4.43	0.11188185	2.51781	5.87E-05	5.76651	-0.24525	-0.15899	0.44612	7.33E-05	5.9304	8.17E-05	0.00194411	18.9104	109.596	0.0240454	49.1884	PM6
21	7.85599999999999	-38019.5	8.933	-4.4245	0.11194448	2.49795	0.0728187	5.74124	-0.2356	-0.15336	0.466068	0.13933	5.90371	0.10001	0.00268082	18.6358	110.157	0.0247381	50.6787	PM6
22	9.47699999999998	-38019.4	8.937	-4.4275	0.11189437	1.85224	0.00507633	5.73595	-0.21229	-0.18248	0.124727	0.148606	5.90092	0.00523713	0.000885076	18.8526	106.111	0.0265788	10.2394	PM6
23	9.15700000000004	-38019.4	8.934	-4.425	0.11193195	2.52072	0.19403	5.71661	-0.18892	-0.20162	0.449027	0.380152	5.88338	0.274548	0.00395778	18.8795	110.717	0.0261411	50.456	PM6
24	10.22	-38019.4	8.949	-4.4295	0.11174433	1.59282	0.164663	5.71541	-0.16801	-0.22554	0.200258	0.230547	5.88286	0.148977	0.00134252	19.0982	107.243	0.02793	14.4554	PM6
0	0	-40582.4	10.217	-4.0805	0.09787609	2.95012	0.00041418	5.72803	-0.88982	0.02058	0.00735344	0.6273	5.93628	0.000313702	0.00115138	8.72989	45.9478	0.014553	4.95848	RM1
1	0.159000000000106	-40582.4	10.232	-4.087	0.0977326	2.94894	0.00046344	5.73674	-0.88802	0.02581	0.00756994	0.629908	5.94071	0.000364029	0.0011959	9.07779	47.8568	0.0150759	5.18923	RM1
2	0.190000000000055	-40582.4	10.233	-4.0865	0.09772305	2.9493	0.00048175	5.74241	-0.88972	0.02557	0.00788598	0.631276	5.95153	0.000393557	0.00124682	9.4665	49.9046	0.015575	5.43415	RM1
3	0.040000000000077	-40582.4	10.248	-4.093	0.09758002	2.94816	0.00058246	5.75156	-0.88864	0.0271	0.00800795	0.633905	5.95506	0.000494893	0.00129858	9.87111	52.1452	0.0162145	5.69635	RM1
4	0.830000000000041	-40582.4	10.248	-4.092	0.09758002	2.94959	0.00062802	5.75689	-0.89186	0.02711	0.00837195	0.63639	5.96415	0.000556856	0.0013612	10.3215	54.5176	0.0168192	5.99743	RM1
5	0.707000000000107	-40582.4	10.25	-4.092	0.09756098	2.94902	0.00090516	5.76583	-0.89106	0.02974	0.00832788	0.640685	5.968	0.000837174	0.00142879	10.792	57.134	0.0175205	6.29645	RM1
6	2.13300000000004	-40582.3	10.248	-4.088	0.09758002	2.95081	0.00127718	5.7701	-0.89419	0.03609	0.00944059	0.644644	5.9766	0.00123662	0.00150823	11.3157	59.9136	0.0182444	6.7329	RM1
7	3.42000000000007	-40582.3	10.243	-4.0845	0.09762765	2.95085	0.0021289	5.77923	-0.89343	0.04563	0.00939638	0.650904	5.98086	0.002156	0.00159453	11.8626	64.8561	0.0190001	7.10009	RM1
8	6.12200000000007	-40582.2	10.233	-4.0795	0.09772305	2.95326	0.00354279	5.77892	-0.89745	0.07012	0.00212191	0.659541	5.97885	0.00376811	0.00168217	12.4434	63.1406	0.0197954	6.88134	RM1
9	9.8850000000001	-40582	10.236	-4.081	0.09769441	1.96739	0.00658942	5.78609	-0.89471	0.09977	0.00244472	0.671704	5.98275	0.00488461	0.00119638	13.043	64.5601	0.0211647	4.90508	RM1
10	14.869	-40581.8	10.25	-4.086	0.09756098	1.96656	0.0122092	5.79032	-0.88905	0.13805	0.00448724	0.686077	5.98704	0.00947108	0.00128262	13.6748	67.8003	0.0221342	5.39251	RM1
11	20.5350000000001	-40581.5	10.268	-4.094	0.09738995	1.96254	0.0239512	5.79574	-0.87173	0.18752	0.210627	0.717684	5.9881	0.0193866	0.00180345	14.3138	80.7009	0.0229131	20.1206	RM1
12	25.144	-40581.3	10.287	-4.1055	0.09721007	0.974853	0.0531679	5.7871	-0.82927	0.26652	0.170928	0.75167	5.96916	0.0223405	0.000965788	14.8895	81.7725	0.0246702	9.23233	RM1
13	24.1260000000001	-40581.4	10.27	-4.097	0.09737098	0.956173	0.105645	5.78706	-0.73362	0.30845	0.12552	0.777429	5.96241	0.0453283	0.00101976	15.4834	95.6558	0.0257573	7.88339	RM1
14	20.066	-40581.6	10.251	-4.0885	0.09755146	0.930802	0.166837	5.7849	-0.61732	0.28406	0.100293	0.775946	5.95071	0.0725372	0.00106881	16.0797	95.4241	0.0269868	7.06522	RM1
15	16.0410000000001	-40581.7	10.235	-4.0805	0.09770396	0.908589	0.21437	5.78805	-0.51981	0.21593	0.101115	0.753426	5.94993	0.0952334	0.00111974	16.8385	99.6435	0.0283827	7.17894	RM1
16	11.644	-40581.9	10.215	-4.0705	0.09789525	0.892294	0.256362	5.7773	-0.44129	0.14527	0.106668	0.72543	5.93729	0.116089	0.00116214	17.4078	104.916	0.0297212	7.4289	RM1
17	9.36200000000008	-40582	10.222	-4.073	0.09782821	0.00071009	0.29196	5.77842	-0.37906	0.08091	0.0048259	0.698402	5.93618	0.000108848	0.000258539	18.0094	104.271	0.0319509	0.125033	RM1
18	7.62100000000009	-40582.1	10.208	-4.068	0.09796238	0.995436	0.315096	5.77433	-0.33412	0.04176	0.00426285	0.6774	5.93229	0.168496	0.00115135	18.4016	104.847	0.0322503	3.76373	RM1
19	7.2360000000001	-40582.1	10.218	-4.071	0.09786651	0.994831	0.32858	5.77101	-0.30488	0.0117	0.00378958	0.664152	5.93076	0.178653	0.00115681	18.7061	106.012	0.0331457	3.74957	RM1
20	7.88000000000011	-40582.1	10.222	-4.076	0.09782821	0.994216	0.338524	5.76458	-0.28225	-0.00336	0.00333019	0.653362	5.92965	0.186112	0.00115792	18.9017	106.333	0.0338217	3.70699	RM1
21	7.33500000000004	-40582.1	10.217	-4.0735	0.09787609	1.98744	0.34236	5.73937	-0.27586	0.01181	0.00450168	0.647852	5.9045	0.374107	0.00200131	18.6323	102.626	0.0334074	7.28111	RM1
22	9.66800000000001	-40582	10.222	-4.076	0.09782821	1.98647	0.352038	5.7338	-0.25409	-0.00985	0.00481143	0.639336	5.90218	0.38951	0.00200742	18.8496	103.142	0.0342041	7.31882	RM1
23	11.5490000000001	-40581.9	10.211	-4.0725	0.0979336	1.98654	0.363059	5.71525	-0.23247	-0.03011	0.00495684	0.629847	5.88624	0.404856	0.00200754	18.8842	105.224	0.0346732	7.27114	RM1
24	12.378	-40581.9	10.205	-4.0825	0.09799118	1.98561	0.372184	5.71394	-0.21185	-0.0501	0.00534415	0.621894	5.88584	0.419767	0.00201655	19.103	107.034	0.0351706	7.2271	RM1
0	0	0	9.128	-4.093	0.10955302	2.94298	0.00584372	5.71922	-0.95805	-0.02023	0.0021459	0.0046475	5.92972	0.00441535	1.54E-05	8.70682	20.5329	0.0116192	0.135845	PM7
1	-0.041000000000054	0	9.141	-4.1005	0.10939722	1.98713	0.00206358	5.7279	-0.95694	-0.01529	0.00474675	0.00471082	5.93417	0.00109226	1.50E-05	9.05383	20.7949	0.0123986	0.199075	PM7
2	0.375	0	9.137	-4.0985	0.10944511	3.00247	0.00044902	5.73374	-0.95762	-0.01548	0.016872	0.0739983	5.94527	0.000373431	0.000226342	9.44226	23.8314	0.012352	1.30472	PM7
3	0.557999999999993	0	9.148	-4.103	0.10931351	2.9693	0.00010289	5.74289	-0.95648	-0.01262	0.0279232	0.00509209	5.94885	8.80E-05	8.44E-05	9.84595	23.4895	0.0128746	1.8169	PM7
4	0.923999999999978	0	9.146	-4.104	0.10933742	2.92108	0.00328591	5.74814	-0.95888	-0.01002	0.00444834	0.00448628	5.958	0.0028854	2.35E-05	10.2952	23.3837	0.0133607	0.310146	PM7
5	1.70499999999993	0	9.157	-4.1095	0.10920607	2.52259	0.00172155	5.75708	-0.95779	-0.00469	0.0270812	0.707737	5.96189	0.001362	0.00173448	10.7646	27.1879	0.0140938	3.89887	PM7
6	2.85299999999995	0.099999999998545	9.157	-4.1105	0.10920607	2.97235	0.00772039	5.76154	-0.96001	0.00358	0.0251326	0.622598	5.97079	0.00752978	0.00188841	11.2879	28.9508	0.0144302	4.32049	PM7
7	4.22699999999998	0.19999999999709	9.168	-4.116	0.10907504	2.97971	0.00271013	5.77074	-0.95854	0.01514	0.00622094	0.0039443	5.97516	0.00277147	3.09E-05	11.8339	27.75	0.0150888	0.497968	PM7
8	6.47499999999991	0.19999999999709	9.151	-4.1075	0.10927767	2.94198	0.00129141	5.77066	-0.96059	0.03251	0.00814388	0.00395735	5.97349	0.0013683	3.83E-05	12.4145	28.6208	0.0156803	0.667614	PM7
9	9.51299999999992	0.400000000001455	9.161	-4.1125	0.10915839	2.94795	0.00279684	5.77772	-0.9566	0.06256	0.00589725	0.00184613	5.97712	0.00310656	2.56E-05	13.0119	34.9475	0.0163742	0.503364	PM7
10	13.8309999999999	0.5	9.161	-4.1125	0.10915839	2.96217	0.00619983	5.78215	-0.94976	0.10003	0.0492527	0.34305	5.98156	0.00724429	0.00136836	13.643	37.1261	0.0169844	5.98038	PM7
11	17.8829999999999	0.69999999999709	9.167	-4.1165	0.10908694	2.86173	0.0137771	5.78756	-0.93267	0.14822	0.070811	0.330097	5.98272	0.0162609	0.00141449	14.2807	37.017	0.0177596	7.91091	PM7
12	22.17	0.900000000001455	9.161	-4.1155	0.10915839	2.82034	0.0423979	5.77985	-0.88937	0.21768	0.0980354	0.728341	5.96421	0.0515408	0.00303752	14.8585	40.7952	0.0185479	12.6025	PM7
13	23.6919999999999	0.900000000001455	9.163	-4.1185	0.10913456	2.87957	0.0618729	5.77984	-0.79783	0.24929	0.0835509	0.572132	5.95741	0.0799492	0.00257694	15.4511	40.2379	0.0193806	11.1622	PM7
14	20.9699999999999	0.799999999995634	9.164	-4.12	0.10912265	1.94746	0.160799	5.77782	-0.66906	0.20852	0.241401	0.739727	5.94539	0.146273	0.00287628	16.0456	48.1603	0.0207685	19.4187	PM7
15	17.3359999999999	0.69999999999709	9.173	-4.1245	0.10901559	2.60941	0.171504	5.78101	-0.55018	0.12556	0.197092	0.676464	5.94449	0.218814	0.00352901	16.8026	50.9377	0.0215264	22.6332	PM7
16	13.9359999999999	0.5	9.178	-4.125	0.1089562	2.74676	0.00222504	5.77015	-0.44798	0.03365	0.278887	6.27E-05	5.93077	0.00310162	0.00115498	17.3671	52.5529	0.0225442	29.5215	PM7
17	11.929	0.299999999995634	9.177	-4.1235	0.10896807	1.11621	0.00226881	5.77129	-0.36689	-0.04755	0.0245187	0.00494571	5.92935	0.00132962	5.14E-05	17.9665	53.3446	0.0250852	1.10245	PM7
18	10.419	0.299999999995634	9.166	-4.119	0.10909884	1.96375	0.00396371	5.76676	-0.3119	-0.10182	0.0210986	0.00814865	5.9245	0.00418139	9.20E-05	18.3534	57.2234	0.0253539	1.72032	PM7
19	10.1179999999999	0.299999999995634	9.166	-4.119	0.10909884	1.73022	0.0656833	5.7637	-0.27971	-0.13401	0.0264416	0.0879123	5.92315	0.0621121	0.00033399	18.6584	57.5844	0.0262253	2.2336	PM7
20	11.573	0.299999999995634	9.166	-4.119	0.10909884	1.45317	0.357681	5.75766	-0.25199	-0.15719	0.205067	0.593172	5.922	0.287421	0.00237849	18.8547	56.7041	0.0268217	14.5919	PM7
21	13.54	0.400000000001455	9.178	-4.123	0.1089562	1.4023	0.325337	5.7325	-0.23981	-0.15023	0.0209793	0.491283	5.89559	0.250838	0.00144413	18.5819	56.3284	0.0280383	2.79978	PM7
22	14.375	0.400000000001455	9.164	-4.116	0.10912265	1.06872	0.200403	5.72699	-0.21666	-0.17072	0.0376162	0.418811	5.89306	0.119293	0.000960491	18.7981	56.9072	0.0289149	2.73172	PM7
23	15.021	0.400000000001455	9.179	-4.1235	0.10894433	1.31426	0.286997	5.70752	-0.19571	-0.1854	0.148212	0.484831	5.87586	0.211731	0.00168838	18.8254	56.8223	0.0292452	9.8671	PM7
24	16.477	0.400000000001455	9.185	-4.1245	0.10887316	1.96409	0.135136	5.70594	-0.17488	-0.20297	0.028531	0.371046	5.87521	0.150761	0.00141188	19.0418	60.2468	0.0293596	4.12253	PM7
