n	HOF	Energy	Hardness	ECP	Electrophilicity	eas_a1	nas_a1	hardness_a1	chg_a1	chg_a2	eas_a2	nas_a2	hardness_a2	CT	SPI	HPI_A	HPI_B	HPI_C	HPI_D	Hamiltonian
0	0	0	8.767	-4.2155	0.1140641	0.949478	0.170665	0.0574108	-0.75383	0.2067	7.28E-05	0.00299687	0.0612047	0.0761339	5.25E-06	0.00165092	15.8299	0.00355008	0.00434726	PM7
1	0.690000000000055	0	8.775	-4.2215	0.11396011	0.950419	0.169588	0.0574704	-0.75727	0.21981	0.00015444	0.00352022	0.061189	0.0816715	6.77E-06	0.00178188	18.4024	0.00377799	0.00796245	PM7
2	2.48000000000002	0.100000000005821	8.829	-4.2145	0.11326311	0.949282	0.168425	0.05743	-0.75849	0.23872	0.00046482	0.00419208	0.0611528	0.0874979	9.14E-06	0.00192199	20.6103	0.00409309	0.0218282	PM7
3	5.30999999999995	0.200000000004366	8.885	-4.2345	0.11254924	0.946713	0.165913	0.0573101	-0.75526	0.26755	0.00214576	0.00518608	0.0610954	0.0934459	1.54E-05	0.00208305	23.3842	0.0044411	0.0966673	PM7
4	8.32000000000016	0.200000000004366	8.885	-4.2775	0.11254924	0.950778	0.159937	0.0573505	-0.74576	0.30385	0.00907045	0.00645535	0.0611097	0.0994769	3.57E-05	0.00229268	35.6473	0.00466248	0.43614	PM7
5	11.5900000000001	0.400000000001455	8.935	-4.2995	0.11191942	3.23E-05	0.149882	0.0575269	-0.72937	0.33997	1.67E-06	0.00803216	0.0611675	3.51E-06	2.74E-06	0.00255241	33.137	0.0050612	2.52E-05	PM7
6	14.8400000000001	0.5	8.939	-4.3015	0.11186934	3.60E-05	0.137655	0.0577035	-0.69656	0.37322	2.01E-06	0.0101867	0.0612495	3.97E-06	3.52E-06	0.00283353	38.1856	0.00523152	3.25E-05	PM7
7	15.48	0.700000000004366	8.898	-4.24	0.11238481	0.029128	0.116294	0.0578238	-0.6527	0.3959	0.0862045	0.00281506	0.0613012	0.00296222	3.57E-05	0.00309973	39.6961	0.00519516	0.181842	PM7
8	15.6100000000001	0.700000000004366	9.243	-4.4285	0.10818998	0.0192588	0.102341	0.0578792	-0.60954	0.4037	0.0496878	0.00148587	0.0612889	0.00184183	1.70E-05	0.00331493	55.0174	0.00594337	0.0815916	PM7
9	14.9499999999998	0.700000000004366	9.233	-4.4255	0.10830716	0.010933	0.0919871	0.0578573	-0.57605	0.40071	0.0273933	0.00029521	0.0611947	0.00098213	8.16E-06	0.00345759	58.0379	0.0062405	0.0281682	PM7
10	14.2599999999998	0.700000000004366	9.233	-4.4245	0.10830716	0.00574367	0.0903282	0.0577709	-0.55308	0.39336	0.0137346	0.00082901	0.0610298	0.000519601	4.11E-06	0.00353108	58.8777	0.00647129	0.00862581	PM7
11	14.9699999999998	0.700000000004366	9.232	-4.425	0.10831889	0.00295612	0.428596	0.057667	-0.5391	0.38568	0.00685435	0.00101075	0.0608405	0.00128837	1.01E-05	0.00356771	63.8746	0.00662261	0.00686413	PM7
12	15.8499999999999	0.700000000004366	9.232	-4.423	0.10831889	0.00150264	0.426421	0.0575647	-0.52897	0.38142	0.00343831	0.00100079	0.0606298	0.000656214	5.71E-06	0.00357433	64.1287	0.00664836	0.00307074	PM7
13	17	0.700000000004366	9.093	-4.3455	0.10997471	0.0009673	0.429625	0.0574785	-0.52189	0.38516	0.0022148	0.00100101	0.060471	0.000425093	4.28E-06	0.00355538	62.9951	0.00636643	0.00193243	PM7
14	17.1199999999999	0.700000000004366	9.003	-4.3015	0.11107409	0.00136617	0.435251	0.0573223	-0.52215	0.39496	0.00318224	0.0009785	0.0603016	0.00060614	5.71E-06	0.00352355	61.7411	0.00615227	0.0028491	PM7
15	16.5	0.700000000004366	9.007	-4.3035	0.11102476	0.00166278	0.437012	0.0571027	-0.525	0.39934	0.00400212	0.00098431	0.0600705	0.000741453	6.88E-06	0.00350004	61.4283	0.00616662	0.00369054	PM7
16	15.8899999999999	0.600000000005821	8.971	-4.2855	0.11147029	0.00175088	0.0910637	0.0568737	-0.52594	0.40121	0.00425904	0.00074203	0.0598071	0.000163207	1.48E-06	0.00348177	57.3562	0.00614922	0.00128874	PM7
17	12.5	0.600000000005821	9.241	-4.4185	0.1082134	0.00165542	0.0938827	0.0564952	-0.52108	0.40289	0.00395941	0.00088497	0.0594889	0.000159257	1.39E-06	0.00344392	76.1143	0.00664701	0.00125047	PM7
18	13.9299999999998	0.600000000005821	9.194	-4.396	0.10876659	0.00127855	0.440163	0.0561996	-0.51704	0.40004	0.00298707	0.001189	0.0591584	0.000580304	5.62E-06	0.00342826	64.6436	0.00671833	0.00279379	PM7
19	16.3400000000001	0.700000000004366	9.163	-4.3825	0.10913456	0.00084551	0.438592	0.055868	-0.51284	0.39559	0.00194297	0.00120303	0.0587768	0.000384554	4.27E-06	0.00340523	63.6076	0.00681446	0.00173681	PM7
0	0	0	9.465	-4.1465	0.1056524	0.957989	0.193574	0.0575541	-0.588	0.15526	0.0001968	0.00253325	0.0612696	0.0871273	3.56E-06	0.0016568	26.2227	0.00502854	0.0373153	RM1
1	0.480000000000018	0	9.471	-4.1455	0.10558547	0.958682	0.192622	0.0576151	-0.58973	0.16758	0.00035229	0.00300298	0.0612531	0.093571	4.68E-06	0.00178824	28.4803	0.00538628	0.045383	RM1
2	1.07999999999993	0	9.49	-4.137	0.10537408	0.957291	0.191134	0.057578	-0.58703	0.18768	0.0008335	0.00360497	0.0612244	0.100133	6.65E-06	0.0019292	31.0125	0.00579645	0.513047	RM1
3	2.26999999999998	0.100000000005821	9.501	-4.1345	0.10525208	0.954315	0.186512	0.0574658	-0.57922	0.22087	0.00300785	0.00455872	0.0611849	0.105891	1.22E-05	0.00209177	35.7611	0.00626185	1.33043	RM1
4	6.27999999999997	0.200000000004366	9.486	-4.15	0.10541851	0.949541	0.176569	0.0575191	-0.56282	0.2564	0.0110379	0.00581008	0.0612163	0.109679	2.91E-05	0.00230343	43.0025	0.00665527	0.645191	RM1
5	12.4300000000001	0.5	9.492	-4.149	0.10535188	0.93788	0.162076	0.0577133	-0.53961	0.29046	0.0246729	0.00744322	0.0612898	0.110261	5.99E-05	0.0025658	48.2885	0.00690051	1.52921	RM1
6	15.1499999999999	0.600000000005821	9.501	-4.1455	0.10525208	0.0086568	0.144189	0.0579088	-0.50916	0.32019	0.00109767	0.00953888	0.061384	0.00100072	3.03E-06	0.00284986	43.3721	0.00745046	2.00165	RM1
7	15.0799999999999	0.600000000005821	9.534	-4.131	0.10488777	0.919115	0.117477	0.0580451	-0.46228	0.33061	0.0765207	0.00212831	0.0614354	0.0944216	0.000165966	0.00311841	60.0822	0.00746334	5.43799	RM1
8	14.0699999999999	0.600000000005821	9.536	-4.136	0.10486577	0.0186192	0.100952	0.0581157	-0.417	0.32256	0.0416191	0.00105687	0.0614193	0.00175649	1.12E-05	0.00333556	47.2184	0.008213	3.54074	RM1
9	13.7	0.5	9.548	-4.134	0.10473398	0.0106463	0.093522	0.0581089	-0.38134	0.3076	0.021878	0.00118186	0.0613243	0.000972334	5.49E-06	0.00347998	45.8635	0.00872327	2.19438	RM1
10	14.97	0.600000000005821	9.551	-4.1325	0.10470108	0.00578706	0.0858782	0.0580298	-0.35649	0.29117	0.0114652	0.00078131	0.0611545	0.000497734	2.63E-06	0.00355416	50.5577	0.00911408	1.34592	RM1
11	17.0599999999999	0.700000000004366	9.566	-4.135	0.1045369	0.00300146	0.0814248	0.0579335	-0.34016	0.27852	0.00586985	0.00065102	0.0609624	0.000248518	1.31E-06	0.00359138	55.205	0.00929317	0.813042	RM1
12	17.0599999999999	0.700000000004366	9.576	-4.13	0.10442774	0.00155334	0.0800328	0.0578369	-0.32946	0.27069	0.00298823	0.00062027	0.0607488	0.000127317	7.08E-07	0.00359828	55.458	0.00932694	0.531909	RM1
13	18	0.700000000004366	9.584	-4.127	0.10434057	0.00110799	0.0810648	0.0577534	-0.32398	0.27188	0.00212045	0.00064762	0.0605886	9.19E-05	5.50E-07	0.00357933	55.95	0.00917071	0.384308	RM1
14	18.21	0.700000000004366	9.583	-4.1295	0.10435146	0.00192325	0.0832288	0.0575877	-0.33191	0.28236	0.00376229	0.0006686	0.0604149	0.000163169	9.11E-07	0.00354651	53.4346	0.00906016	0.667666	RM1
15	16.26	0.700000000004366	9.582	-4.13	0.10436235	0.00246594	0.084242	0.0573654	-0.33654	0.28772	0.00494556	0.0006879	0.0601842	0.000211966	1.18E-06	0.0035228	53.2023	0.00907685	0.842955	RM1
16	16.0999999999999	0.600000000005821	9.58	-4.129	0.10438413	0.00267355	0.0845907	0.057135	-0.33704	0.28943	0.00530117	0.00071496	0.0599213	0.000231498	1.28E-06	0.00350444	50.7251	0.00912153	0.927842	RM1
17	13.3099999999999	0.5	9.592	-4.133	0.10425354	0.00251427	0.0873898	0.0567507	-0.32984	0.28972	0.00499771	0.00087797	0.0596028	0.000225153	1.28E-06	0.00346612	49.9785	0.00938499	0.909975	RM1
18	14.52	0.600000000005821	9.592	-4.133	0.10425354	0.00196599	0.087156	0.0564475	-0.32818	0.28767	0.0039072	0.00093332	0.0592687	0.000176686	1.06E-06	0.0034498	51.5424	0.00958812	0.931666	RM1
19	15.9400000000001	0.600000000005821	9.59	-4.132	0.10427529	0.00132819	0.0865873	0.0561145	-0.32294	2.84E-01	0.0026206	0.00095888	5.89E-02	1.19E-04	7.75E-07	0.00342671	56.1646	0.00976882	0.0235564	RM1
0	0	0	9.465	-4.1465	0.1056524	0.958779	0.196393	0.0574958	-0.59502	0.13293	0.00016802	0.00315713	0.0611871	0.088469	5.04E-06	0.00165289	25.7748	0.00440947	0.135919	PM3
1	0.480000000000018	0	9.471	-4.1455	0.10558547	0.959683	0.195508	0.0575558	-0.59597	0.14544	0.00027413	0.00372683	0.0611692	0.0950721	6.53E-06	0.00178395	27.9791	0.0047019	0.218912	PM3
2	1.07999999999993	0	9.49	-4.137	0.10537408	0.955502	0.194356	0.0575186	-0.59205	0.16687	0.00058891	0.00446637	0.0611401	0.101631	8.83E-06	0.00192456	27.2123	0.00506207	0.453981	PM3
3	2.26999999999998	0.100000000005821	9.501	-4.1345	0.10525208	0.95221	0.189723	0.0574062	-0.58273	0.20076	0.00222973	0.00554374	0.0610982	0.107477	1.46E-05	0.00208664	29.7811	0.00544459	1.21013	PM3
4	6.27999999999997	0.200000000004366	9.486	-4.15	0.10541851	0.006342	0.179552	0.057459	-0.56654	0.24041	0.00060776	0.00696845	0.0611302	0.000744924	2.56E-06	0.00229779	30.0952	0.00589522	2.62974	PM3
5	12.4300000000001	0.5	9.492	-4.149	0.10535188	0.00678694	0.165355	0.0576499	-0.54308	0.27716	0.00082638	0.00882705	0.0612023	0.000814046	3.34E-06	0.00255932	33.4661	0.00611344	1.04623	PM3
6	15.1499999999999	0.600000000005821	9.501	-4.1455	0.10525208	1.12E-05	0.147791	0.0578386	-0.51242	0.31055	2.87E-06	0.0114903	0.0612969	1.33E-06	3.77E-06	0.00284236	32.5065	0.00635421	1.99827	PM3
7	15.0799999999999	0.600000000005821	9.534	-4.131	0.10488777	0.0320091	0.120004	0.0579714	-0.46412	0.32333	0.0795844	0.00210758	0.0613555	0.00335906	2.99E-05	0.00311039	42.5525	0.00658171	5.40449	PM3
8	14.0699999999999	0.600000000005821	9.536	-4.136	0.10486577	0.0218101	0.102683	0.0580436	-0.41446	0.31679	0.0475722	0.00111499	0.0613515	0.00209279	1.56E-05	0.00332774	47.9067	0.00710071	3.68942	PM3
9	13.7	0.5	9.548	-4.134	0.10473398	0.0131138	0.0947646	0.0580395	-0.37235	0.30242	0.0263787	0.00103127	0.0612677	0.00121361	7.92E-06	0.00347261	49.5479	0.00757663	2.31676	PM3
10	14.97	0.600000000005821	9.551	-4.1325	0.10470108	0.00754376	0.0863352	0.0579657	-0.34107	0.28566	0.0144732	0.00066864	0.0611075	0.000652278	3.90E-06	0.0035475	54.4578	0.00791882	1.39727	PM3
11	17.0599999999999	0.700000000004366	9.566	-4.135	0.1045369	0.00399697	0.0814744	0.0578728	-0.32074	0.27247	0.00763256	0.00048796	0.0609196	0.000331148	1.93E-06	0.0035851	54.786	0.00813917	0.885338	PM3
12	17.0599999999999	0.700000000004366	9.576	-4.13	0.10442774	0.00214933	0.0798471	0.0577796	-0.30777	0.26494	0.00405873	0.00046194	0.0607082	0.000175758	1.03E-06	0.00359231	54.9119	0.0081812	0.567252	PM3
13	18	0.700000000004366	9.584	-4.127	0.10434057	0.00148349	0.0811051	0.0576996	-0.30158	0.26624	0.00274364	0.00050057	0.0605502	0.000123074	7.46E-07	0.00357373	53.0514	0.00809995	0.412161	PM3
14	18.21	0.700000000004366	9.583	-4.1295	0.10435146	0.00266455	0.0837389	0.0575329	-0.311	0.27671	0.00502946	0.00052452	0.060376	0.000227446	1.33E-06	0.00354085	58.723	0.00802014	0.573022	PM3
15	16.26	0.700000000004366	9.582	-4.13	0.10436235	0.00327672	0.0848177	0.0573104	-0.31647	0.2817	0.00627973	0.00057215	0.0601461	0.000283584	1.68E-06	0.0035172	58.492	0.0080546	0.8738	PM3
16	16.0999999999999	0.600000000005821	9.58	-4.129	0.10438413	0.00341269	0.085154	0.0570795	-0.31705	0.28328	0.00660344	0.0006117	0.059882	0.000297466	1.78E-06	0.00349874	58.1221	0.00810796	0.950414	PM3
17	13.3099999999999	0.5	9.592	-4.133	0.10425354	0.00317924	0.0881504	0.0567023	-0.30899	0.28307	0.00613297	0.00080175	0.0595739	0.000287179	1.76E-06	0.00346149	57.2462	0.00836061	0.916071	PM3
18	14.52	0.600000000005821	9.592	-4.133	0.10425354	0.00252669	0.0877464	0.0564008	-0.30474	0.2798	0.0048096	0.00085298	0.0592416	0.000228615	1.43E-06	0.00344537	56.6209	0.00855631	0.912864	PM3
19	15.9400000000001	0.600000000005821	9.59	-4.132	0.10427529	0.00176464	0.0870551	0.0560701	-0.29675	0.27504	0.00331131	0.00088972	0.0588626	0.000159305	1.05E-06	0.00342254	58.0053	0.00873924	0.0290381	PM3
0	0	0	8.935	-4.6855	0.11191942	9.44E-01	0.16817	0.0574861	-0.7622	0.21806	1.09E-04	0.00288199	0.061273	7.46E-02	4.89E-06	0.00165493	17.4248	0.00358497	0.00721239	PM6
1	0.5	0	8.972	-4.666	0.11145787	0.944381	0.167402	0.0575472	-0.76491	0.23066	0.0002134	0.00341013	0.0612573	0.0801065	6.34E-06	0.00178625	17.6564	0.00384368	0.0150096	PM6
2	1.73000000000002	0	9.001	-4.6505	0.11109877	0.943207	0.16641	0.0575066	-0.76247	0.25015	0.00063205	0.00403387	0.0612216	0.0858978	8.74E-06	0.00192672	19.212	0.00413379	0.0360113	PM6
3	2.42000000000007	0.099999999998545	9.062	-4.62	0.11035092	0.940559	0.164206	0.0573947	-0.75508	0.28022	0.00283135	0.00500275	0.0611716	0.0918832	1.57E-05	0.0020887	20.3161	0.00447796	0.149404	PM6
4	2.52999999999975	0.099999999998545	9.169	-4.5695	0.10906315	0.935381	0.15972	0.0574449	-0.73812	0.31152	0.0109208	0.00622214	0.0611901	0.0977335	3.65E-05	0.00229947	25.3466	0.00484211	0.594035	PM6
5	5.21000000000004	0.19999999999709	9.171	-4.5675	0.10903936	8.61E-05	0.151149	0.0576239	-0.71184	0.34317	8.20E-07	0.00789155	0.0612475	9.44E-06	2.57E-06	0.00256006	23.3303	0.0052394	0.861691	PM6
6	8.32999999999993	0.299999999995634	9.172	-4.565	0.10902747	7.63E-05	0.140506	0.0578153	-0.67402	0.37412	9.40E-07	0.00992836	0.0613402	8.60E-06	3.33E-06	0.00284323	29.4483	0.00543118	0.00095884	PM6
7	10.2399999999998	0.399999999994179	9.169	-4.5605	0.10906315	0.0255939	0.120788	0.0579426	-0.62412	0.39059	0.0756263	0.00243871	0.0613937	0.0027034	2.97E-05	0.00311079	35.0001	0.00551645	5.383	PM6
8	11.5799999999999	0.399999999994179	8.994	-4.468	0.11118523	0.0162328	0.115278	0.0580017	-0.57918	0.39116	0.0431409	0.00189118	0.0613813	0.00174867	1.71E-05	0.00332696	23.6196	0.00569832	3.24979	PM6
9	11.4400000000001	0.399999999994179	9.153	-4.5445	0.1092538	0.00909395	0.446648	0.0579825	-0.54685	0.38504	0.0221434	0.00166351	0.0612915	0.0039666	3.16E-05	0.00347055	36.4671	0.0062501	1.91046	PM6
10	10.02	0.399999999994179	9.171	-4.5535	0.10903936	0.00481652	0.433794	0.0578936	-0.5258	0.37536	0.0110482	0.00143268	0.061126	0.00209254	1.63E-05	0.00354416	39.9221	0.00653169	0.0273333	PM6
11	11.54	0.399999999994179	9.169	-4.5525	0.10906315	0.00247108	0.429819	0.057785	-0.5128	0.36686	0.00554883	0.00134546	0.0609324	0.00108004	9.01E-06	0.00358042	44.2675	0.00654013	0.0144221	PM6
12	12.6399999999999	0.5	9.136	-4.536	0.10945709	0.00137777	0.419039	0.0576877	-0.504	0.36135	0.00281202	0.00133099	0.0607234	0.000591266	5.34E-06	0.0035875	40.6381	0.00657393	0.00872391	PM6
13	12.8299999999999	0.5	9.177	-4.5535	0.10896807	0.00090751	0.429518	0.0575952	-0.49998	0.36482	0.00192776	0.00134552	0.0605569	0.000398718	4.28E-06	0.00356766	50.2011	0.0065768	0.00669731	PM6
14	12.4899999999998	0.5	9.181	-4.5545	0.1089206	1.48E-03	0.434108	0.0574356	-0.50238	0.37344	3.22E-03	0.00129372	0.0603826	6.54E-04	5.94E-06	0.00353526	52.1005	0.00664719	0.00807812	PM6
15	10.3299999999999	0.399999999994179	9.18	-4.556	0.10893246	0.00190026	0.436244	0.0572148	-0.50536	0.37849	0.00424605	0.00129805	0.0601505	0.000845859	7.35E-06	0.00351159	51.6865	0.0066752	0.0186949	PM6
16	10.2199999999998	0.399999999994179	9.126	-4.528	0.10957703	0.00214382	0.437268	0.0569856	-0.5039	0.37956	0.00462292	0.00130291	0.0598869	0.000959558	8.00E-06	0.00349328	41.209	0.00668465	0.0224853	PM6
17	7.42999999999984	0.299999999995634	9.127	-4.5245	0.10956503	0.00191032	0.442154	0.0566111	-0.49507	0.37986	0.00434678	0.00144489	0.059573	0.000865537	7.91E-06	0.00345586	42.6438	0.00669035	0.0227519	PM6
18	7.77999999999975	0.299999999995634	9.182	-4.553	0.10890873	0.00150867	0.440886	0.0563116	-0.49331	0.37836	0.00336366	0.0014801	0.0592419	0.000685874	6.55E-06	0.00343994	46.1595	0.00689911	0.0219802	PM6
19	9.02999999999975	0.299999999995634	9.18	-4.553	0.10893246	0.00110907	0.440288	0.0559808	-0.48786	0.37494	0.0021873	0.00148696	0.0588618	0.000506377	4.99E-06	0.00341704	45.4736	0.00703187	0.0192057	PM6
0	0	0	9.996	-3.823	0.10004002	0.949812	0.196955	0.0576112	-0.56963	0.16595	9.71E-05	0.00252639	0.0613254	0.0878925	3.54E-06	0.00165995	21.6318	0.00476853	0.0359622	AM1
1	0.9699999999998	0	10.016	-3.832	0.09984026	0.95051	0.196093	0.057671	-0.57146	0.17711	0.00018322	0.00303763	0.0613062	0.0944453	4.66E-06	0.00179152	23.4576	0.00510346	0.0422966	AM1
2	3.73000000000002	0.19999999999709	10.028	-3.837	0.09972078	9.54E-01	0.194916	0.057633	-0.56911	0.19624	7.07E-04	0.00372361	0.061275	1.02E-01	6.93E-06	1.93E-03	25.2669	0.00549137	0.400074	AM1
3	6.75999999999999	0.299999999995634	10.063	-3.8515	0.09937394	9.51E-01	0.190711	0.0575187	-0.56215	0.22794	2.74E-03	0.00475187	0.0612319	1.08E-01	1.26E-05	0.0020953	27.6696	0.00593711	1.09806	AM1
4	9.93999999999983	0.399999999994179	10.107	-3.8685	0.09894133	0.946083	0.181362	0.0575711	-0.54601	0.26264	0.0106704	0.00612436	0.0612608	0.112246	3.03E-05	0.00230719	30.7465	0.00631468	0.593337	AM1
5	14.0899999999999	0.599999999998545	10.128	-3.872	0.09873618	0.933218	0.167464	0.0577643	-0.52127	0.29581	0.0248994	0.00790473	0.0613308	0.113361	6.38E-05	0.00256978	34.5071	0.00653947	1.45521	AM1
6	15.78	0.69999999999709	10.151	-3.8755	0.09851246	0.00965554	0.1501	0.0579611	-0.48743	0.32482	0.00100013	0.0102285	0.0614236	0.00116193	3.49E-06	0.00285427	34.3222	0.00703604	2.06646	AM1
7	15.74	0.69999999999709	10.129	-3.8575	0.09872643	0.0280022	0.122379	0.058099	-0.43754	0.33423	0.0713449	0.0022991	0.0614734	0.00299674	2.36E-05	0.00312324	38.0063	0.00723889	5.01739	AM1
8	14.7199999999998	0.599999999998545	10.086	-3.832	0.09914733	0.0177696	0.105718	0.0581716	-0.39152	0.32546	0.0391273	0.00117076	0.0614571	0.00175549	1.14E-05	0.00334082	40.2719	0.00772172	3.08812	AM1
9	12.49	0.5	10.071	-3.8215	0.09929501	9.70E-03	0.0986366	0.0581652	-0.35754	0.31001	1.99E-02	0.00120421	0.0613622	9.34E-04	5.51E-06	3.49E-03	41.6247	0.00817861	1.86423	AM1
10	10.49	0.399999999994179	10.069	-3.8205	0.09931473	0.00509727	0.0909654	0.0580853	-0.33557	0.29418	0.0100428	0.00087433	0.061193	0.000464377	2.59E-06	0.00355979	42.1733	0.00851604	1.12033	AM1
11	11.27	0.5	10.047	-3.8095	0.0995322	0.0026491	0.0866376	0.0579885	-0.32171	0.28226	0.00514623	0.00072903	0.0610026	0.000233386	1.32E-06	0.00359716	46.2987	0.00867678	0.672422	AM1
12	11.6499999999999	0.5	10.037	-3.8055	0.09963136	1.39E-03	0.0852281	0.0578916	-0.31251	0.27519	2.58E-03	0.00069016	0.0607902	1.21E-04	7.21E-07	0.00360414	46.2959	0.00869056	0.432647	AM1
13	12.8899999999999	0.5	10.018	-3.792	0.09982032	9.10E-04	0.0861846	0.0578073	-0.30666	0.27639	1.74E-03	0.00072446	0.0606304	8.03E-05	5.47E-07	0.00358515	47.1358	0.00857163	0.301365	AM1
14	12.8199999999999	0.5	10.006	-3.786	0.09994004	0.00151411	0.0882495	0.0576414	-0.31308	0.2864	0.00298223	0.00072984	0.0604559	0.000136206	8.48E-07	0.00355223	47.3221	0.00847863	0.518096	AM1
15	11.5799999999999	0.5	9.999	-3.7805	0.10001	0.00198311	0.089196	0.0574192	-0.31703	0.29142	0.00394803	0.00073609	0.0602247	0.000180488	1.09E-06	0.00352848	45.0603	0.00850074	0.66682	AM1
16	11.6699999999998	0.5	9.993	-3.7795	0.10007005	0.00214577	0.0895781	0.0571884	-0.31697	0.29264	0.00428201	0.00075153	0.0599598	0.000196753	1.18E-06	0.00350997	43.3616	0.00855674	0.744574	AM1
17	12.2199999999998	0.5	10.017	-3.7905	0.09983029	2.01E-03	0.0923817	0.056808	-0.30932	0.29253	4.02E-03	0.00087966	0.0596423	1.91E-04	1.18E-06	0.00347192	45.9787	0.00882217	0.730005	AM1
18	12.4599999999998	0.5	10.016	-3.79	0.09984026	0.00155403	0.0920363	0.0565037	-0.30812	0.29007	0.00308069	0.00090136	0.0593063	0.000147483	9.58E-07	0.00345543	45.4056	0.0090181	0.753136	AM1
19	12.6299999999999	0.5	10.015	-3.7875	0.09985022	0.001018	0.0916066	0.0561699	-0.3036	0.28636	0.00200112	0.00093552	0.0589231	9.67E-05	7.03E-07	0.00343216	44.6723	0.00919715	0.0192977	AM1
