n	m 	Energy	HOF	ER	IP	EA	ECP	Hardness	Softness	Electrophilicity	nMax	gap	EAS_a1	NAS_a1	Hardness_a1	EAS_a2	NAS_a2	Hardness_a2	EAS_a3	NAS_a3	Hardness_a3	EAS_4	NAS_4	Hardness_4	CTP1	CTP2	HPIP1	HPIP2
0	0	-45413.6	-1644	0	6.36	5.006	-5.683	1.354	0.73855244	11.92632533	8.394387	1.354	0	0	10.947647	6.3E-05	1.3E-05	14.508054	0.00316	0.01753	14.295896	2.2E-05	2E-06	14.6087	0	3.74E-07	156.506422956712	211.9438084698
0	1	-45413.7	-1644.98	-0.980000000000018	6.359	4.987	-5.673	1.372	0.72886297	11.72847267	8.2696793	1.372	0	0	10.949738	6.2E-05	1.7E-05	14.522727	0.003074	0.017345	14.289267	2E-05	2E-06	14.61759	0	4.4E-07	156.463729862046	212.28726896793
0	2	-45413.6	-1643.44	0.559999999999945	6.361	4.971	-5.666	1.39	0.71942446	11.54804173	8.15251799	1.39	0	0	10.954571	6E-06	2.2E-05	14.533953	0.003129	0.016978	14.281888	2E-06	3E-06	14.624095	0	4.4E-08	156.451956110048	212.545909397535
0	3	-45413.3	-1637.05	6.95000000000005	6.359	4.988	-5.6735	1.371	0.7293946	11.73909637	8.27644055	1.371	0	1E-06	10.958485	5E-06	2.2E-05	14.55252	0.002755	0.013712	14.283057	2E-06	5E-06	14.637691	0	9.2E-08	156.520665888645	213.01529103132
0	4	-45413	-1629.98	14.02	6.352	4.923	-5.6375	1.429	0.69979006	11.12015614	7.89013296	1.429	4.6E-05	0	10.960718	1E-05	4.6E-05	14.565234	0.00327	0.016053	14.277608	2E-06	5E-06	14.650077	0.00738438	1.44E-07	156.492835002544	213.381799623018
0	5	-45412.7	-1621.88	22.1199999999999	6.336	4.886	-5.611	1.45	0.68965517	10.85631759	7.73931034	1.45	4.8E-05	0	10.964452	1.6E-05	7.2E-05	14.57783	0.003371	0.01508	14.279872	2E-06	8E-06	14.665334	0.0072384	2.24E-07	156.570971110144	213.78874594522
0	6	-45412.6	-1618.92	25.0799999999999	6.312	4.835	-5.5735	1.477	0.67704807	10.51587754	7.54705484	1.477	5.3E-05	0	10.957175	2.5E-05	0.000112	14.576411	0.003412	0.0139	14.27367	2E-06	1E-05	14.666356	0.007367	3.16E-07	156.39910008225	213.782832928316
0	7	-45412.7	-1621.19	22.8099999999999	6.289	4.783	-5.536	1.506	0.66401062	10.17506507	7.35192563	1.506	5.8E-05	1E-06	10.930141	3.3E-05	0.000158	14.558289	0.003379	0.013019	14.255198	3E-06	1.3E-05	14.636668	0.00755102	7.92E-07	155.811324122918	213.084842741052
0	8	-45412.7	-1621.52	22.48	6.266	4.753	-5.5095	1.513	0.66093853	10.03125917	7.28288169	1.513	5.7E-05	5E-06	10.911557	5E-05	0.000264	14.536678	0.003171	0.011881	14.244285	4E-06	2.1E-05	14.601326	0.00677217	2.068E-06	155.427327701745	212.254774435028
0	9	-45412.6	-1620.33	23.6700000000001	6.247	4.736	-5.4915	1.511	0.66181337	9.97901133	7.26869623	1.511	1E-06	2.4E-05	10.88561	8.6E-05	0.000517	14.508032	0.00267	0.010568	14.222489	7E-06	4.6E-05	14.560484	0.00010568	3.759E-06	154.82046848329	211.243967807488
0	10	-45412.6	-1619.33	24.6700000000001	6.273	4.727	-5.5	1.546	0.64683053	9.78331177	7.11513583	1.546	4E-06	5.7E-05	10.853397	0.000103	0.000537	14.477286	0.002236	0.007974	14.199429	1.2E-05	6.3E-05	14.521852	0.00031896	3.828E-06	154.112040110313	210.237004653672
0	11	-45412.5	-1618.22	25.78	6.272	4.714	-5.493	1.558	0.64184852	9.68326348	7.05134788	1.558	5E-06	7.1E-05	10.800984	6.8E-05	0.000319	14.410698	0.002106	0.007362	14.172479	1E-05	4.9E-05	14.453427	0.0003681	9E-08	153.076718919336	208.283971562046
1	0	-45413.6	-1643.42	0.579999999999927	6.362	5.006	-5.684	1.356	0.73746313	11.91292625	8.38348083	1.356	0	0	10.947589	6.3E-05	9E-06	14.516307	0.003319	0.018687	14.398728	2.3E-05	1E-06	14.619911	0	2.76E-07	157.631356266792	212.227116388677
1	1	-45413.7	-1644.57	-0.569999999999936	6.361	4.988	-5.6745	1.373	0.72833212	11.72612901	8.26584122	1.373	0	0	10.951082	4E-06	1.2E-05	14.533337	0.003271	0.018523	14.395863	2E-06	2E-06	14.6305	0	3.2E-08	157.650276173766	212.6299869785
1	2	-45413.6	-1643.79	0.210000000000036	6.362	4.969	-5.6655	1.393	0.71787509	11.52113792	8.13424264	1.393	0	0	10.953936	4E-06	1.6E-05	14.549362	0.003275	0.018225	14.393621	2E-06	3E-06	14.640102	0	4.8E-08	157.666803242256	213.004143714924
1	3	-45413.4	-1638.62	5.38000000000011	6.36	4.95	-5.655	1.41	0.70921986	11.34007979	8.0212766	1.41	0	0	10.956828	6E-06	2.4E-05	14.563951	0.003344	0.017769	14.389935	2E-06	4E-06	14.651674	0	7.4E-08	157.66804272618	213.386262203974
1	4	-45413	-1629.84	14.1600000000001	6.354	4.928	-5.641	1.426	0.70126227	11.15739165	7.91164095	1.426	4.5E-05	0	10.961877	9E-06	3.7E-05	14.576854	0.003479	0.017004	14.3901	2E-06	5E-06	14.666516	0.0076518	1.14E-07	157.7425062177	213.791662420664
1	5	-45412.7	-1621.55	22.45	6.338	4.891	-5.6145	1.447	0.691085	10.89240161	7.7601935	1.447	4.7E-05	0	10.963956	1.3E-05	5.7E-05	14.594368	0.003608	0.016028	14.395325	2E-06	7E-06	14.682103	0.00753316	1.98E-07	157.8297099057	214.276014195904
1	6	-45412.5	-1618.61	25.3900000000001	6.315	4.839	-5.577	1.476	0.67750678	10.53622256	7.55691057	1.476	5.1E-05	0	10.957698	2.2E-05	9.9E-05	14.59068	0.003615	0.014835	14.393204	3E-06	1E-05	14.679933	0.00756585	4.35E-07	157.716382684392	214.19020482444
1	7	-45412.6	-1620.31	23.6900000000001	6.292	4.793	-5.5425	1.499	0.66711141	10.24659982	7.39492995	1.499	5.5E-05	1E-06	10.935937	3.1E-05	0.000145	14.575521	0.003634	0.013689	14.37943	3E-06	1.4E-05	14.657457	0.00752895	7.83E-07	157.25254057591	213.640072310097
1	8	-45412.7	-1621.69	22.3099999999999	6.273	4.764	-5.5185	1.509	0.66269052	10.09073633	7.31411531	1.509	5.7E-05	4E-06	10.900508	5E-05	0.000261	14.558668	0.003315	0.01241	14.350618	5E-06	2.7E-05	14.621233	0.0070737	2.74E-06	156.429026313944	212.865676997644
1	9	-45412.6	-1620.51	23.49	6.272	4.747	-5.5095	1.525	0.6557377	9.95232467	7.22557377	1.525	2E-06	3E-05	10.880626	9.6E-05	0.000548	14.530243	0.002853	0.010363	14.339379	1E-05	5.7E-05	14.583183	0.00020726	4.96E-06	156.021419971254	211.897192703469
1	10	-45412.6	-1619.27	24.73	6.28	4.736	-5.508	1.544	0.64766839	9.82450259	7.13471503	1.544	4E-06	6E-05	10.847388	9.4E-05	0.000496	14.499092	0.002385	0.008245	14.31774	1.2E-05	6.4E-05	14.545537	0.0003298	3.6E-06	155.31008106312	210.897079152404
1	11	-45412.5	-1617.77	26.23	6.281	4.721	-5.501	1.56	0.64102564	9.69903878	7.0525641	1.56	5E-06	8.1E-05	10.812194	6.2E-05	0.0003	14.449965	0.002124	0.00731	14.296015	1E-05	4.9E-05	14.495677	0.0003655	3E-08	154.57128760691	209.462025301305
2	0	-45413.6	-1642.74	1.25999999999999	6.364	5.015	-5.6895	1.349	0.74128984	11.99792819	8.43513714	1.349	0	0	10.947823	6.1E-05	3E-06	14.527728	0.003534	0.01946	14.495355	2.3E-05	1E-06	14.63342	0	9.2E-08	158.692580862165	212.59034546976
2	1	-45413.6	-1643.91	0.089999999999918	6.364	4.996	-5.68	1.368	0.73099415	11.79181287	8.30409357	1.368	0	0	10.950801	5.9E-05	4E-06	14.54629	0.003418	0.01921	14.495551	2.1E-05	2E-06	14.645167	0	1.47E-07	158.737894386351	213.03284628043
2	2	-45413.6	-1643.33	0.670000000000073	6.366	4.977	-5.6715	1.389	0.7199424	11.57880211	8.1663067	1.389	0	0	10.953974	3E-06	7E-06	14.564093	0.003406	0.018879	14.494633	2E-06	3E-06	14.655228	0	2.6E-08	158.773833021542	213.440103528204
2	3	-45413.4	-1638.12	5.88000000000011	6.364	4.96	-5.662	1.404	0.71225071	11.41675356	8.06552707	1.404	0	0	10.957704	4E-06	1.3E-05	14.5779	0.003479	0.018442	14.490538	2E-06	5E-06	14.666755	0	5.2E-08	158.783026204752	213.8104877145
2	4	-45413	-1629.85	14.1500000000001	6.358	4.934	-5.646	1.424	0.70224719	11.19287781	7.92977528	1.424	0	0	10.960408	6E-06	2.6E-05	14.594141	0.003693	0.017796	14.493057	2E-06	7E-06	14.682587	0	9.8E-08	158.849817887256	214.279744922767
2	5	-45412.7	-1621.53	22.47	6.34	4.899	-5.6195	1.441	0.69396253	10.95724506	7.79944483	1.441	4.8E-05	0	10.962955	1.2E-05	4.9E-05	14.607032	0.003723	0.016667	14.497196	3E-06	1E-05	14.698049	0.00800016	2.61E-07	158.93210737418	214.694872080568
2	6	-45412.5	-1618.82	25.1800000000001	6.316	4.851	-5.5835	1.465	0.68259386	10.64009292	7.6225256	1.465	5.3E-05	0	10.952552	2E-05	8.7E-05	14.606749	0.003747	0.015302	14.492692	3E-06	1.4E-05	14.699411	0.00811006	3.69E-07	158.731962749984	214.710606924839
2	7	-45412.7	-1621.47	22.53	6.295	4.802	-5.5485	1.493	0.66979236	10.31006438	7.43268587	1.493	5.7E-05	1E-06	10.923205	2.6E-05	0.000123	14.595558	0.003663	0.014113	14.472841	5E-06	2E-05	14.674554	0.00804441	1.28E-06	158.089809175405	214.183304031132
2	8	-45412.6	-1621.08	22.9200000000001	6.282	4.782	-5.532	1.5	0.66666667	10.201008	7.376	1.5	5.8E-05	4E-06	10.90174	4.8E-05	0.000256	14.576482	0.003499	0.012544	14.46187	7E-06	3.7E-05	14.643383	0.00727552	3.752E-06	157.6595466538	213.449008718606
2	9	-45412.6	-1620.12	23.8800000000001	6.285	4.764	-5.5245	1.521	0.6574622	10.03290607	7.2642998	1.521	2E-06	3.3E-05	10.865531	9.2E-05	0.000536	14.55421	0.002934	0.010404	14.437414	1.4E-05	7.5E-05	14.608217	0.00020808	5.432E-06	156.870169376834	212.61105794357
2	10	-45412.6	-1619.41	24.5899999999999	6.29	4.748	-5.519	1.542	0.64850843	9.8765762	7.15823606	1.542	4E-06	6.2E-05	10.822463	7E-05	0.000388	14.506862	0.002532	0.008593	14.410425	1.1E-05	6.1E-05	14.557517	0.00034372	2.618E-06	155.956291376775	211.183890181654
2	11	-45412.5	-1616.39	27.6099999999999	6.299	4.74	-5.5195	1.559	0.64143682	9.77064793	7.08082104	1.559	5E-06	8.5E-05	10.774198	4.6E-05	0.000238	14.46455	0.00212	0.007022	14.395418	9E-06	4.3E-05	14.517434	0.0003511	5.4E-08	155.099083824764	209.9881499647
3	0	-45413.3	-1637.16	6.83999999999992	6.563	5.304	-5.9335	1.259	0.79428118	13.98189923	9.42573471	1.259	5E-05	0	10.95163	0.00466	6E-06	14.564012	0.044651	2.2E-05	14.605817	0.005042	2E-06	14.666446	1.1E-05	0.0002521	159.95750363171	213.602295541352
3	1	-45413.6	-1642.55	1.45000000000005	6.369	5.015	-5.692	1.354	0.73855244	11.96412999	8.40768095	1.354	0	0	10.947674	7.1E-05	5E-05	14.563902	0.003429	0.019155	14.583199	2.4E-05	9E-06	14.664242	0	1.2E-06	159.652108529126	213.568583392284
3	2	-45413.6	-1642.35	1.65000000000009	6.37	4.996	-5.683	1.374	0.72780204	11.75272525	8.27219796	1.374	0	0	10.950784	1E-05	5E-05	14.581908	0.003509	0.018961	14.582616	3E-06	1E-05	14.674508	0	1.44E-07	159.691077970944	213.982325601264
3	3	-45413.3	-1636.95	7.04999999999995	6.369	4.978	-5.6735	1.391	0.71890726	11.57030994	8.15744069	1.391	0	0	10.954346	1E-05	4.8E-05	14.595361	0.003532	0.018523	14.578821	4E-06	1.3E-05	14.68621	0	7.2E-08	159.701449506066	214.35053667181
3	4	-45412.8	-1624.63	19.3699999999999	6.499	5.225	-5.862	1.274	0.78492936	13.486281	9.20251177	1.274	4.8E-05	0	10.963036	0.002167	1.8E-05	14.628924	0.041923	7E-06	14.60331	0.003292	3E-06	14.715581	3.36E-06	0.00021398	160.09661324916	215.273116064844
3	5	-45412.6	-1620.59	23.4100000000001	6.345	4.917	-5.631	1.428	0.70028011	11.10229727	7.88655462	1.428	4.8E-05	0	10.95742	1.4E-05	6.5E-05	14.624667	0.00386	0.016796	14.586038	6E-06	2.5E-05	14.716475	0.00806208	4.08E-07	159.82534450196	215.223546288825
3	6	-45412.4	-1614.69	29.3099999999999	6.42	5.119	-5.7695	1.301	0.76863951	12.79290171	8.86933128	1.301	5.5E-05	1E-06	10.951524	7.2E-05	6.8E-05	14.636391	0.039228	2E-06	14.596425	4.5E-05	7E-06	14.727735	1.1E-06	5.4E-06	159.8530987017	215.560888004385
3	7	-45412.6	-1619.98	24.02	6.298	4.825	-5.5615	1.473	0.67888663	10.49907748	7.55125594	1.473	5.6E-05	1E-06	10.91704	2.6E-05	0.00012	14.613347	0.003708	0.014042	14.558403	1.1E-05	5.1E-05	14.698392	0.00786352	2.486E-06	158.93466788712	214.792702638024
3	8	-45412.6	-1619.64	24.3599999999999	6.285	4.8	-5.5425	1.485	0.67340067	10.34320076	7.46464646	1.485	5.7E-05	5E-06	10.899066	4.3E-05	0.000226	14.594719	0.003499	0.012679	14.547834	1.5E-05	7.1E-05	14.667714	0.00722703	8.145E-06	158.557802923044	214.071164202366
3	9	-45412.5	-1618.64	25.3599999999999	6.293	4.785	-5.539	1.508	0.66312997	10.17258654	7.34615385	1.508	3E-06	4E-05	10.857797	9E-05	0.000543	14.576446	0.002894	0.00992	14.517219	2.2E-05	0.000118	14.638236	0.0002976	3.3E-06	157.625016906543	213.373456589256
3	10	-45412.4	-1616.13	27.8699999999999	6.326	4.877	-5.6015	1.449	0.69013112	10.82705392	7.73153899	1.449	1E-05	0.000109	10.822637	0.000295	0.00015	14.548525	0.027597	8.6E-05	14.500298	0.000133	1.3E-05	14.605494	8.6E-06	1.862E-06	156.931461645826	212.48839459635
3	11	-45412.4	-1614.91	29.0899999999999	6.307	4.755	-5.531	1.552	0.6443299	9.85565754	7.12757732	1.552	6E-06	9.8E-05	10.748932	8E-06	1.4E-05	14.488491	0.00163	0.005806	14.455661	6E-06	1.9E-05	14.552419	0.00034836	1.872E-06	155.382917104052	210.842591709729
4	0	-45413.5	-1639.96	4.03999999999996	6.373	5.037	-5.705	1.336	0.74850299	12.18077283	8.54041916	1.336	0	1E-06	10.939085	0.00012	0.000312	14.5693	0.003396	0.018961	14.648275	2.5E-05	1.8E-05	14.680742	0	7.275E-06	160.238725328375	213.8881344206
4	1	-45413.5	-1640.59	3.41000000000008	6.371	5.022	-5.6965	1.349	0.74128984	12.02746933	8.4455152	1.349	0	1E-06	10.940937	0.000114	0.000291	14.585251	0.003334	0.018605	14.647281	2.2E-05	1.5E-05	14.6922	0	6.314E-06	160.254978642297	214.2894247422
4	2	-45413.5	-1640.35	3.65000000000009	6.374	5.004	-5.689	1.37	0.72992701	11.81194197	8.30510949	1.37	0	1E-06	10.944385	5.2E-05	0.000287	14.602073	0.003372	0.018469	14.647434	4E-06	1.3E-05	14.701522	0	5.2E-08	160.30715695809	214.672697455106
4	3	-45413.1	-1631.07	12.9300000000001	6.523	5.258	-5.8905	1.265	0.79051383	13.71462065	9.31304348	1.265	4.8E-05	0	10.952728	0.003841	1.3E-05	14.633709	0.044962	2.3E-05	14.664474	0.004192	4E-06	14.726635	1.104E-05	0.000867744	160.615994985072	215.505291139215
4	4	-45412.9	-1626.88	17.1199999999999	6.366	4.963	-5.6645	1.403	0.71275837	11.43498227	8.07483963	1.403	0	1E-06	10.948378	4.2E-05	0.000207	14.627789	0.00365	0.017371	14.648075	4E-06	1.8E-05	14.72778	0	1.2E-07	160.37266207235	215.43485827842
4	5	-45412.4	-1614.45	29.55	6.468	5.183	-5.8255	1.285	0.77821012	13.20484446	9.06692607	1.285	5E-05	1E-06	10.954824	0.000504	3E-05	14.658493	0.042665	2.2E-05	14.66841	0.000171	6E-06	14.75564	1.1E-05	1.197E-05	160.68984990984	216.29544565052
4	6	-45412.3	-1612.1	31.9000000000001	6.422	5.124	-5.773	1.298	0.77041602	12.8380312	8.89522342	1.298	5.5E-05	1E-06	10.942539	0.000394	7E-05	14.652132	0.041407	1.2E-05	14.658483	0.000262	9E-06	14.753834	6.6E-06	4.4802E-05	160.401021908337	216.175123274088
4	7	-45412.5	-1616.77	27.23	6.305	4.854	-5.5795	1.451	0.68917988	10.72736742	7.69055824	1.451	5.8E-05	5E-06	10.908996	3.6E-05	0.000171	14.629791	0.003541	0.012679	14.621495	2.1E-05	8.8E-05	14.728645	0.00735382	1.1655E-05	159.50583046902	215.476998063195
4	8	-45412.5	-1616.82	27.1800000000001	6.313	5.012	-5.6625	1.301	0.76863951	12.32279256	8.70484243	1.301	4E-06	3.8E-05	10.862436	0.00034	0.000555	14.634744	0.034415	3.1E-05	14.596322	0.000515	4.2E-05	14.71947	1.24E-06	0.00020394	158.551613560392	215.41567526568
4	9	-45412.4	-1616.14	27.8599999999999	6.322	4.94	-5.631	1.382	0.723589	11.47183828	8.14905933	1.382	7E-06	8.4E-05	10.815531	0.000363	0.000396	14.607607	0.031536	9E-05	14.556923	0.000603	3.5E-05	14.682805	6.3E-06	0.000113364	157.440851971113	214.480645097635
4	10	-45412.3	-1613.99	30.01	6.332	4.896	-5.614	1.436	0.69637883	10.9738844	7.8189415	1.436	8E-06	0.000108	10.768709	0.000415	0.000188	14.576956	0.030023	0.000137	14.529136	0.000609	2.5E-05	14.651135	1.096E-05	2.6187E-05	156.460037605424	213.56895024506
4	11	-45412.3	-1614.23	29.77	6.281	4.791	-5.536	1.49	0.67114094	10.28432752	7.43087248	1.49	6E-05	5.8E-05	10.746307	9E-06	4.3E-05	14.58255	0.002613	0.010837	14.522477	5.8E-05	0.000304	14.687423	0.0065022	6.3336E-05	156.062996242439	214.18008026865
5	0	-45413.3	-1635.18	8.81999999999994	6.374	5.042	-5.708	1.332	0.75075075	12.2302042	8.57057057	1.332	0	0	10.921111	0.000257	0.001092	14.598241	0.003664	0.01974	14.685211	2.9E-05	7.2E-05	14.726393	0	3.161E-05	160.378819389421	214.979434074713
5	1	-45413.3	-1636.21	7.78999999999996	6.372	5.026	-5.699	1.346	0.74294205	12.06485921	8.46805349	1.346	0	1E-06	10.924458	0.000189	0.00109	14.610834	0.003666	0.020164	14.684121	1.5E-05	7.3E-05	14.733353	0	2.1E-07	160.416063131418	215.266574946402
5	2	-45413.1	-1631.06	12.9400000000001	6.543	5.285	-5.914	1.258	0.79491256	13.90119078	9.40222576	1.258	5E-05	0	10.934084	0.006452	1.4E-05	14.638063	0.049488	2.8E-05	14.699906	0.00497	5E-06	14.7538	1.4E-05	0.00470162	160.730006996104	215.9670538894
5	3	-45413.1	-1630.51	13.49	6.372	4.995	-5.6835	1.377	0.72621641	11.72918382	8.25490196	1.377	0	1E-06	10.931264	0.000173	0.000946	14.638049	0.003752	0.019349	14.684249	1.9E-05	9E-05	14.751383	0	1.5846E-05	160.517402460736	215.931467171767
5	4	-45412.7	-1622.23	21.77	6.367	4.975	-5.671	1.392	0.7183908	11.5518107	8.14798851	1.392	0	1E-06	10.932627	0.000166	0.000834	14.649519	0.003924	0.018469	14.68906	2.6E-05	0.000126	14.76322	0	1.7992E-05	160.59001396062	216.27407189118
5	5	-45412.4	-1614.34	29.6600000000001	6.349	4.946	-5.6475	1.403	0.71275837	11.36644913	8.05060584	1.403	0	1E-06	10.929575	0.00015	0.000692	14.656712	0.004029	0.017004	14.689202	4.7E-05	0.000218	14.775484	0	4.512E-06	160.54673494915	216.560013648608
5	6	-45412.2	-1609.92	34.0799999999999	6.332	5.162	-5.747	1.17	0.85470085	14.11453376	9.82393162	1.17	0	1E-06	10.908147	0.001423	9.6E-05	14.667221	0.03981	2.2E-05	14.682801	0.001317	1.5E-05	14.788718	0	0.000644013	160.162151679747	216.909395212678
5	7	-45412.4	-1614.64	29.3599999999999	6.306	4.879	-5.5925	1.427	0.70077085	10.95867423	7.83812193	1.427	0	5E-06	10.867503	0.000113	0.000489	14.653191	0.003764	0.012996	14.634871	0.000167	0.000658	14.769241	0	9.7027E-05	159.044504497113	216.416509298031
5	8	-45412.3	-1613.79	30.21	6.296	4.836	-5.566	1.46	0.68493151	10.60971096	7.62465753	1.46	2E-06	2.8E-05	10.844919	0.000109	0.000581	14.6333	0.003224	0.010878	14.61279	0.000192	0.000738	14.743333	0.00021756	8.2944E-05	158.47452391401	215.7436147889
5	9	-45412.3	-1612.72	31.28	6.308	4.796	-5.552	1.512	0.66137566	10.1933545	7.34391534	1.512	4E-06	6.2E-05	10.792279	8.4E-05	0.000432	14.620858	0.002911	0.009487	14.574098	0.000233	0.000888	14.718451	0.00037948	9.7161E-05	157.287731789342	215.196382050958
5	10	-45412.2	-1612.69	31.3099999999999	6.274	4.844	-5.559	1.43	0.6993007	10.80506329	7.77482517	1.43	6.3E-05	1E-06	10.749598	9.3E-05	0.000417	14.629953	0.00383	0.014689	14.600994	0.000318	0.001484	14.747382	0.00925407	0.000118614	156.954815900412	215.753505533046
5	11	-45412.1	-1609.25	34.75	6.25	4.831	-5.5405	1.419	0.70472163	10.81646943	7.80902044	1.419	5.6E-05	6E-06	10.747656	7.2E-05	0.000373	14.600028	0.003427	0.01486	14.575658	0.000333	0.001764	14.728505	0.0083216	0.00122211	156.654158157648	215.03658539814
6	0	-45412.9	-1626.49	17.51	6.369	5.026	-5.6975	1.343	0.74460164	12.08544536	8.48473567	1.343	0	1E-06	10.922028	0.000626	0.00367	14.608861	0.004355	0.02418	14.738359	5.8E-05	0.000302	14.75562	0	0.000203696	160.972769672052	215.56280154882
6	1	-45412.9	-1627.65	16.3499999999999	6.369	5.013	-5.691	1.356	0.73746313	11.9422865	8.39380531	1.356	0	1E-06	10.922473	0.000598	0.003512	14.622761	0.004358	0.024087	14.732592	6.2E-05	0.000328	14.763737	0	0.000207452	160.916338340016	215.886597617857
6	2	-45412.9	-1626.99	17.01	6.37	4.999	-5.6845	1.371	0.7293946	11.78466092	8.29248724	1.371	0	1E-06	10.923213	0.000579	0.003346	14.636906	0.004379	0.023624	14.729399	7.1E-05	0.000378	14.771864	0	0.000223295	160.892362638987	216.214384812784
6	3	-45412.7	-1622.43	21.5699999999999	6.37	4.986	-5.678	1.384	0.72254335	11.64728468	8.20520231	1.384	0	1E-06	10.924055	0.000573	0.003145	14.651883	0.004493	0.022983	14.730761	8.9E-05	0.000459	14.781941	0	0.000246441	160.919643355855	216.583270044903
6	4	-45412.4	-1614.73	29.27	6.364	4.968	-5.666	1.396	0.71633238	11.49840831	8.11747851	1.396	0	1E-06	10.916741	0.000557	0.002769	14.658488	0.00477	0.021727	14.726297	0.000148	0.00072	14.792778	0	0.00035298	160.763170238077	216.839758799664
6	5	-45412	-1605.71	38.29	6.346	4.966	-5.656	1.38	0.72463768	11.59070145	8.19710145	1.38	0	2E-06	10.919445	0.000526	0.002385	14.674415	0.004596	0.018796	14.733481	0.000243	0.001071	14.811225	0	0.000497664	160.881435438045	217.346062308375
6	6	-45412	-1605.48	38.52	6.324	4.947	-5.6355	1.377	0.72621641	11.53190278	8.18518519	1.377	0	2E-06	10.889379	0.000515	0.002048	14.667433	0.0044	0.015252	14.712779	0.000477	0.001853	14.811416	0	0.000854307	160.213026674241	217.245451815128
6	7	-45412.1	-1607.14	36.8599999999999	6.308	4.947	-5.6275	1.361	0.73475386	11.63437041	8.26965467	1.361	1E-06	9E-06	10.862639	0.000471	0.001791	14.660139	0.003742	0.011642	14.680146	0.000786	0.002728	14.798957	0.00011642	0.001443096	159.465126465294	216.954766675023
6	8	-45412.1	-1607.28	36.72	6.308	4.922	-5.615	1.386	0.72150072	11.37381854	8.1024531	1.386	3E-06	4.4E-05	10.834014	0.000435	0.001836	14.645618	0.00274	0.008172	14.654775	0.000861	0.002864	14.775665	0.00024516	0.001299249	158.77003751685	216.39874528597
6	9	-45412.1	-1607.83	36.1700000000001	6.323	4.881	-5.602	1.442	0.69348128	10.88155479	7.76976422	1.442	5E-06	7.7E-05	10.789529	0.000373	0.001509	14.621705	0.00225	0.006757	14.625581	0.000932	0.003265	14.745693	0.00033785	0.001047568	157.803130341349	215.607173066565
6	10	-45412	-1607.08	36.9200000000001	6.356	5.045	-5.7005	1.311	0.76277651	12.39347836	8.69641495	1.311	1E-04	1.4E-05	10.82333	0.005574	0.001124	14.581805	0.037583	0.005806	14.565427	0.01841	0.003871	14.746766	0.005806	0.01189286	157.64642301191	215.03446619263
6	11	-45412	-1608.34	35.6600000000001	6.362	5.042	-5.702	1.32	0.75757576	12.31545606	8.63939394	1.32	9.2E-05	4E-05	10.828344	0.005393	0.000646	14.565952	0.037704	0.003411	14.557519	0.019404	0.002427	14.733687	0.00313812	0.27223812	157.633823518536	214.610177625024
7	0	-45412.4	-1615.29	28.71	6.367	4.963	-5.665	1.404	0.71225071	11.42885506	8.06980057	1.404	0	0	10.871321	0.002255	0.01403	14.627666	0.006582	0.038298	14.755191	0.000318	0.001853	14.78575	0	0.004363278	160.408417777311	216.2810125595
7	1	-45412.4	-1615.36	28.6400000000001	6.368	4.953	-5.6605	1.415	0.70671378	11.32200009	8.00070671	1.415	0	0	10.877301	0.002204	0.013721	14.632984	0.006436	0.037288	14.754201	0.000339	0.001982	14.787943	0	0.004504971	160.485885291501	216.391733311912
7	2	-45412.4	-1614.6	29.4000000000001	6.368	4.949	-5.6585	1.419	0.70472163	11.28210791	7.97533474	1.419	0	1E-06	10.881643	0.002204	0.013289	14.647636	0.006494	0.036328	14.751637	0.0004	0.002269	14.796451	0	0.0050016	160.522047499591	216.733028339836
7	3	-45412.2	-1609.51	34.49	6.366	4.957	-5.6615	1.409	0.70972321	11.37423075	8.03619588	1.409	0	1E-06	10.885056	0.002232	0.012504	14.661021	0.006618	0.034114	14.752738	0.000523	0.002789	14.807447	0	0.005897348	160.584379283328	217.092291423387
7	4	-45411.8	-1601.37	42.6300000000001	6.36	4.978	-5.669	1.382	0.723589	11.62719284	8.2040521	1.382	0	1E-06	10.892058	0.002308	0.011276	14.671588	0.006776	0.030137	14.758225	0.000814	0.003824	14.821425	0	0.006647124	160.74744267705	217.4538411729
7	5	-45411.5	-1594.59	49.4100000000001	6.362	5.042	-5.702	1.32	0.75757576	12.31545606	8.63939394	1.32	5.8E-05	2E-06	10.896379	0.002152	0.008166	14.678897	0.005974	0.020278	14.761863	0.001342	0.004847	14.837729	0.01176124	0.003197986	160.850853994077	217.801495704913
7	6	-45411.7	-1598.24	45.76	6.424	5.124	-5.774	1.3	0.76923077	12.82272154	8.88307692	1.3	7.8E-05	5E-06	10.878619	0.005894	0.002383	14.671819	0.020878	0.004007	14.751296	0.009255	0.001834	14.838062	0.00312546	0.014410035	160.473728940224	217.701359974778
7	7	-45411.9	-1602.51	41.49	6.401	5.092	-5.7465	1.309	0.76394194	12.61354555	8.77998472	1.309	7.4E-05	3.1E-05	10.867186	0.001802	0.001557	14.656513	0.007797	0.000524	14.730581	0.005648	0.000315	14.818935	0.00038776	0.00660816	160.079963615066	217.193913473655
7	8	-45412	-1605.93	38.0699999999999	6.342	5.028	-5.685	1.314	0.76103501	12.29803082	8.65296804	1.314	6.9E-05	8.7E-05	10.834386	0.000244	0.00117	14.632163	0.000478	0.000188	14.692916	0.000194	0.000168	14.782859	0.00012972	5.82E-07	159.188723409576	216.305202494017
7	9	-45412	-1606.47	37.53	6.305	5.122	-5.7135	1.183	0.84530854	13.79716071	9.65934066	1.183	3.3E-05	1E-06	10.867614	0.000117	3E-06	14.565271	0.000533	3E-06	14.597892	0.000208	3E-06	14.718131	9.9E-07	4.576E-06	158.644255469688	214.373566628501
7	10	-45411.8	-1600.94	43.06	6.488	5.168	-5.828	1.32	0.75757576	12.86575152	8.83030303	1.32	6.9E-05	2.7E-05	10.907753	0.001618	2.2E-05	14.637283	0.00777	3.2E-05	14.613205	0.007724	4.5E-05	14.778857	2.208E-05	9.2688E-05	159.397230678365	216.322312325531
7	11	-45411.7	-1599.69	44.31	6.467	5.15	-5.8085	1.317	0.75930144	12.80891126	8.82080486	1.317	6.3E-05	3.2E-05	10.908704	0.001507	1.2E-05	14.610791	0.007117	1.8E-05	14.603471	0.007228	2.8E-05	14.757155	1.134E-05	0.563538248	159.304942511584	215.613707459605
8	0	-45412	-1605.05	38.95	6.355	4.873	-5.614	1.482	0.67476383	10.63326451	7.57624831	1.482	0	0	10.857012	0.011437	0.077966	14.626031	0.011895	0.0759	14.739208	0.002223	0.01425	14.778503	0	0.169323687	160.023758126496	216.150843011593
8	1	-45411.9	-1604.48	39.52	6.357	4.871	-5.614	1.486	0.67294751	10.60464199	7.55585464	1.486	0	0	10.858379	0.010976	0.076169	14.628875	0.011289	0.07317	14.737001	0.002189	0.014284	14.779672	0	0.159223482	160.019942181379	216.209974229
8	2	-45411.9	-1602.89	41.1099999999999	6.364	4.892	-5.628	1.472	0.67934783	10.75896196	7.64673913	1.472	0	1E-06	10.860113	0.011269	0.072738	14.637339	0.011428	0.068592	14.7325	0.002467	0.014916	14.783985	0	0.15830739	159.9966147725	216.398200215915
8	3	-45411.6	-1597.45	46.55	6.359	4.948	-5.6535	1.411	0.70871722	11.32603198	8.01346563	1.411	0	1E-06	10.864867	0.011723	0.06417	14.649501	0.011591	0.058177	14.735656	0.003008	0.015307	14.79738	0	0.001513024	160.100942597752	216.77423310738
8	4	-45411.6	-1596.09	47.9100000000001	6.523	5.237	-5.88	1.286	0.77760498	13.44261275	9.14463453	1.286	7.9E-05	0	10.89789	0.097134	0.000503	14.637292	0.087381	1E-06	14.704802	0.034187	3.8E-05	14.801308	7.9E-07	0.025811185	160.25131466778	216.651067177936
8	5	-45411.6	-1596.73	47.27	6.479	5.189	-5.834	1.29	0.7751938	13.19207597	9.04496124	1.29	8.1E-05	1E-06	10.900759	0.006264	0.000755	14.65146	0.007974	5.6E-05	14.71233	0.008743	4.1E-05	14.812499	4.536E-05	0.013088271	160.37556365847	217.02473659854
8	6	-45411.9	-1604.17	39.8299999999999	6.427	5.14	-5.7835	1.287	0.77700078	12.99489986	8.98756799	1.287	7.9E-05	8E-06	10.897052	0.002195	0.001497	14.639592	0.00402	4.5E-05	14.710611	0.006468	6.5E-05	14.803949	3.555E-05	0.000187572	160.302293018772	216.723773348808
8	7	-45412.3	-1612.19	31.8099999999999	6.436	5.155	-5.7955	1.281	0.78064012	13.1100001	9.04839969	1.281	4.6E-05	1E-06	10.894343	0.00093	2.9E-05	14.60268	0.003137	0	14.65283	0.005813	1E-06	14.757456	0	0.001389307	159.63295594069	215.49840758208
8	8	-45412.4	-1615.33	28.6700000000001	6.426	5.112	-5.769	1.314	0.76103501	12.66414041	8.78082192	1.314	4.4E-05	2.3E-05	10.87919	0.000486	0.000239	14.579295	0.001989	6E-06	14.628976	0.004645	9E-06	14.730427	2.64E-06	0.00047379	159.15140940944	214.759240708965
8	9	-45412.5	-1616.53	27.47	6.393	5.063	-5.728	1.33	0.7518797	12.33458045	8.61353383	1.33	4.1E-05	5.6E-05	10.864078	0.000539	0.000102	14.552144	0.001852	1E-06	14.609531	0.004299	4E-06	14.702123	4.1E-07	6.0186E-05	158.719084327418	213.947411001712
8	10	-45412.5	-1617.89	26.1099999999999	6.367	5.038	-5.7025	1.329	0.75244545	12.234201	8.58164033	1.329	3.9E-05	7.1E-05	10.850065	0.000637	1.4E-05	14.52513	0.001787	0	14.59585	0.00416	1E-06	14.676837	0	1.664E-05	158.36592123025	213.18296541381
8	11	-45412.2	-1610.6	33.4000000000001	6.483	5.173	-5.828	1.31	0.76335878	12.96396336	8.89770992	1.31	6.5E-05	3.9E-05	10.90724	0.000594	4E-06	14.59966	0.002119	2E-06	14.611977	0.004854	6E-06	14.74439	1.3E-06	0.680356056	159.37634001348	215.2630809074
9	0	-45412.1	-1607.92	36.0799999999999	6.311	4.932	-5.6215	1.379	0.72516316	11.45803562	8.15300943	1.379	0	0	10.819123	0.089675	0.140164	14.579988	0.046294	0.061405	14.644037	0.014948	0.02128	14.719167	0	2.092630312	158.435637519551	214.605278229996
9	1	-45412.2	-1609.21	34.79	6.303	4.933	-5.618	1.37	0.72992701	11.51895036	8.20145985	1.37	0	0	10.820554	0.086375	0.139994	14.579806	0.044075	0.060812	14.636577	0.014273	0.021685	14.714167	0	1.851022551	158.375871803658	214.529700311602
9	2	-45412.1	-1607.68	36.3199999999999	6.313	4.98	-5.6465	1.333	0.75018755	11.95910062	8.47186797	1.333	0	0	10.832979	0.07673	0.129687	14.574418	0.040855	0.056787	14.626287	0.014021	0.020394	14.706082	0	1.292848368	158.446259918973	214.332586210276
9	3	-45411.9	-1603.55	40.45	6.366	5.041	-5.7035	1.325	0.75471698	12.27543858	8.6090566	1.325	8.6E-05	1E-06	10.845163	0.058535	0.092208	14.596009	0.033396	0.040683	14.644969	0.014037	0.015558	14.733455	0.03498738	0.457957125	158.827075934947	215.049641781095
9	4	-45411.8	-1600.54	43.46	6.443	5.156	-5.7995	1.287	0.77700078	13.06689986	9.01243201	1.287	8.9E-05	2E-06	10.866275	0.038247	0.032625	14.617291	0.022998	0.013995	14.679387	0.015179	0.006006	14.773705	0.01245555	0.121022167	159.510255973425	215.951545133155
9	5	-45411.9	-1603.6	40.4000000000001	6.157	5.302	-5.7295	0.855	1.16959064	19.19717558	13.40233918	0.855	1E-06	8E-06	10.887324	0.003992	0.007973	14.631892	0.002471	0.000762	14.709202	0.005847	0.000866	14.798616	7.62E-06	0.020669145	160.143847955448	216.531751061472
9	6	-45412.3	-1612.85	31.1500000000001	6.28	5.177	-5.7285	1.103	0.90661831	14.87566285	10.38712602	1.103	7.4E-05	1.8E-05	10.884146	0.001985	0.003535	14.630922	0.002235	7.9E-05	14.709316	0.005846	0.000189	14.793832	5.846E-05	0.009084684	160.098342904136	216.447402073104
9	7	-45412.6	-1619.6	24.4000000000001	6.365	5.083	-5.724	1.282	0.7800312	12.77853978	8.92979719	1.282	7.6E-05	3.4E-05	10.862794	0.00094	0.001554	14.593508	0.001817	2.3E-05	14.668056	0.005464	6.1E-05	14.74623	1.748E-05	8.7424E-05	159.336070708464	215.19922547484
9	8	-45412.9	-1625.76	18.24	6.309	5.194	-5.7515	1.115	0.89686099	14.83396962	10.31659193	1.115	4E-05	2E-06	10.884207	0.000428	1.6E-05	14.576634	0.00138	0	14.630316	0.004589	1E-06	14.725885	0	0.000536913	159.239387819412	214.65383597109
9	9	-45412.9	-1626.87	17.1300000000001	6.403	5.073	-5.738	1.33	0.7518797	12.37768571	8.62857143	1.33	4.2E-05	6.1E-05	10.870554	0.000517	0.000117	14.546028	0.001386	1E-06	14.606689	0.004559	5E-06	14.694705	4.2E-07	6.3826E-05	158.782801535706	213.74959038174
9	10	-45413	-1627.79	16.21	6.384	5.063	-5.7235	1.321	0.75700227	12.39911137	8.665405	1.321	4E-05	6.7E-05	10.856499	0.000603	1.4E-05	14.516077	0.001373	0	14.596247	0.00445	1E-06	14.669326	0	8.9E-06	158.464140959253	212.941065754102
9	11	-45412.6	-1619.73	24.27	6.484	5.172	-5.828	1.312	0.76219512	12.94420122	8.88414634	1.312	7E-05	3.6E-05	10.898317	0.000545	2E-06	14.57881	0.001509	1E-06	14.596843	0.004988	2E-06	14.720756	7E-07	0.772810792	159.081022213231	214.61110478036
10	0	-45412.2	-1610.98	33.02	6.334	4.972	-5.653	1.362	0.73421439	11.73142768	8.3010279	1.362	0	0	10.823581	0.098313	0.154934	14.559408	0.039544	0.051031	14.609363	0.015126	0.020163	14.693422	0	2.421249072	158.125623788903	213.927525814176
10	1	-45412.3	-1612.46	31.54	6.318	4.955	-5.6365	1.363	0.73367572	11.65448725	8.27072634	1.363	0	0	10.827001	0.099248	0.160072	14.548956	0.037722	0.049818	14.598214	0.014601	0.021553	14.680617	0	1.85053074	158.054877576214	213.587650785852
10	2	-45412.2	-1609.82	34.1800000000001	6.328	5.045	-5.6865	1.283	0.77942323	12.60182473	8.86438036	1.283	2E-06	4E-06	10.838626	0.086547	0.12674	14.567109	0.003481	0.002894	14.626247	0.012485	0.009954	14.72728	5.788E-05	1.12197701	158.528421016622	214.53389303352
10	3	-45412	-1606.86	37.1400000000001	6.325	5.104	-5.7145	1.221	0.81900082	13.37244482	9.36036036	1.221	8.3E-05	7E-06	10.852005	0.056934	0.089866	14.573164	0.003821	0.002938	14.636576	0.011659	0.007668	14.734262	0.00243854	0.399868723	158.83619593488	214.724816544968
10	4	-45412	-1605.55	38.45	6.458	5.168	-5.813	1.29	0.7751938	13.09727481	9.0124031	1.29	9.1E-05	7E-06	10.872292	0.032992	0.034297	14.593273	0.011541	0.006806	14.65715	0.013421	0.004051	14.752723	0.00619346	0.090041489	159.3568146878	215.290514232379
10	5	-45412.2	-1610.56	33.4400000000001	6.481	5.193	-5.837	1.288	0.77639752	13.22615256	9.0636646	1.288	8.8E-05	7E-06	10.888499	0.007642	0.006709	14.60627	0.003773	0.000279	14.680745	0.009811	0.000588	14.770481	0.00024552	0.040931492	159.851277251755	215.74163351587
10	6	-45412.6	-1619.24	24.76	6.441	5.141	-5.791	1.3	0.76923077	12.89833885	8.90923077	1.3	8.7E-05	1.8E-05	10.887605	0.002591	0.004172	14.606473	0.002257	7.2E-05	14.683175	0.007201	0.000228	14.766621	6.264E-05	0.000684095	159.864609545875	215.688250937733
10	7	-45413	-1628.1	15.9000000000001	6.474	5.177	-5.8255	1.297	0.77101002	13.08267165	8.98303778	1.297	5.1E-05	2E-06	10.911864	0.00094	9.5E-05	14.573927	0.002022	2E-06	14.622858	0.006723	4E-06	14.721008	1.02E-06	0.002057238	159.562637787312	214.542895958416
10	8	-45413.1	-1631.45	12.55	6.442	5.135	-5.7885	1.307	0.76511094	12.81818372	8.85768936	1.307	4.8E-05	2.7E-05	10.900132	0.000691	0.000306	14.549777	0.00166	4E-06	14.596564	0.005815	1.1E-05	14.693292	1.92E-06	5.815E-06	159.104474346448	213.784121995884
10	9	-45413.2	-1632.95	11.05	6.315	5.197	-5.756	1.118	0.89445438	14.81732379	10.29695886	1.118	3.5E-05	2E-06	10.876959	0.00067	1E-06	14.525492	0.001475	0	14.581102	0.005177	0	14.669019	0	8.8009E-05	158.598048628818	213.074718132348
10	10	-45413.2	-1633.81	10.1900000000001	6.323	5.073	-5.698	1.25	0.8	12.9868816	9.1168	1.25	3.8E-05	8.2E-05	10.867825	0.000617	1.7E-05	14.497671	0.001132	0	14.561017	0.004342	1E-06	14.639133	0	8.684E-06	158.246584578025	212.233333959243
10	11	-45412.8	-1625.33	18.6700000000001	6.49	5.18	-5.835	1.31	0.76335878	12.99512405	8.90839695	1.31	7E-05	4E-05	10.902184	0.000731	2E-06	14.561287	0.001714	0	14.56347	0.00572	1E-06	14.693101	0	0.88514712	158.77362961848	213.950460580987
11	0	-45412.3	-1612.83	31.1700000000001	6.343	4.994	-5.6685	1.349	0.74128984	11.9095227	8.40400297	1.349	8.2E-05	0	10.848417	0.143612	0.154746	14.527358	0.038328	0.036902	14.578363	0.020824	0.01914	14.667146	0.03025964	3.05706732	158.152161001371	213.074880780268
11	1	-45412.3	-1613.56	30.4400000000001	6.324	5.024	-5.674	1.3	0.76923077	12.38241385	8.72923077	1.3	1E-06	1E-06	10.854331	0.105305	0.146805	14.525326	0.004368	0.004251	14.589339	0.013062	0.011112	14.690725	4.251E-05	1.68212436	158.357514577209	213.38756980135
11	2	-45412.3	-1613.39	30.6099999999999	6.327	5.048	-5.6875	1.279	0.78186083	12.64568266	8.89366693	1.279	2E-06	4E-06	10.854601	0.090243	0.12878	14.530648	0.007578	0.0081	14.577872	0.013173	0.010057	14.683627	0.000162	1.048939644	158.236983989072	213.362615300296
11	3	-45412.4	-1614.37	29.6300000000001	6.454	5.13	-5.792	1.324	0.75528701	12.66890634	8.74924471	1.324	7E-05	6E-06	10.886052	0.059926	0.079628	14.524594	0.005538	0.003956	14.571118	0.013695	0.006994	14.674734	0.0027692	0.442882605	158.621948246136	213.144553407996
11	4	-45412.3	-1613.03	30.97	6.342	5.216	-5.779	1.126	0.88809947	14.82985835	10.26465364	1.126	6.2E-05	8E-06	10.89332	0.020517	0.032339	14.545869	0.003953	0.002294	14.586106	0.0102	0.003558	14.692637	0.00142228	0.0560898	158.89112021192	213.717173066553
11	5	-45412.5	-1617.62	26.3800000000001	6.504	5.212	-5.858	1.292	0.77399381	13.28024923	9.06811146	1.292	7.4E-05	4E-06	10.902511	0.006983	0.005499	14.559192	0.003277	0.000177	14.610277	0.010151	0.000547	14.709786	0.00013098	0.047455925	159.288705705547	214.162598652912
11	6	-45412.9	-1626.96	17.04	6.314	5.199	-5.7565	1.115	0.89686099	14.85977231	10.32556054	1.115	5.9E-05	2.2E-05	10.902138	0.002073	0.004675	14.553155	0.00164	6.7E-05	14.61087	0.006341	0.000288	14.702732	3.953E-05	0.001103334	159.28972104006	213.97113771946
11	7	-45413.2	-1633.25	10.75	6.339	5.24	-5.7895	1.099	0.90991811	15.24945871	10.53594177	1.099	3.9E-05	3E-06	10.914937	0.000775	0.000174	14.513341	0.001282	4E-06	14.553127	0.005926	9E-06	14.645344	1.56E-06	1.7778E-05	158.846464357999	212.552871534304
11	8	-45413.4	-1637.32	6.68000000000006	6.334	5.222	-5.778	1.112	0.89928058	15.01136871	10.39208633	1.112	3.6E-05	1E-06	10.904016	0.000617	3E-06	14.490883	0.001168	0	14.524372	0.005524	0	14.617574	0	0	158.373984677952	211.821554577842
11	9	-45413.5	-1639.58	4.42000000000007	6.34	5.206	-5.773	1.134	0.88183422	14.69467769	10.18165785	1.134	3.2E-05	0	10.873932	0.000681	0	14.475666	0.001128	0	14.510959	0.005287	0	14.600943	0	9.5166E-05	157.791181420788	211.358374153038
11	10	-45413.6	-1641.88	2.11999999999989	6.409	5.074	-5.7415	1.335	0.74906367	12.34637537	8.60149813	1.335	3.5E-05	7.2E-05	10.85601	0.000713	1.8E-05	14.441102	0.001083	0	14.495852	0.005119	1E-06	14.577414	0	5.119E-06	157.36711427052	210.513922470228
11	11	-45413.3	-1635.35	8.65000000000009	6.505	5.201	-5.853	1.304	0.76687117	13.13558627	8.97699387	1.304	5.8E-05	4.8E-05	10.890047	0.000657	1E-06	14.508441	0.001123	0	14.519159	0.005927	1E-06	14.631821	0	0.725678172	158.114323910473	212.284911701061
12	0	-45412.3	-1613.84	30.1600000000001	6.411	5.057	-5.734	1.354	0.73855244	12.14134269	8.46971935	1.354	4.6E-05	0	10.917108	0.195084	0.122436	14.445106	0.054441	0.032005	14.482815	0.02779	0.013825	14.577633	0.0147223	3.11764894	158.11045549902	210.575453914098
12	1	-45412.3	-1613.56	30.4400000000001	6.411	5.062	-5.7365	1.349	0.74128984	12.19697266	8.50481838	1.349	4.6E-05	1E-06	10.921089	0.122222	0.112186	14.447984	0.006564	0.004225	14.493969	0.015912	0.008323	14.601011	0.0019435	1.756652976	158.289925412241	210.955173311824
12	2	-45412.3	-1612.54	31.46	6.401	5.067	-5.734	1.334	0.74962519	12.32337181	8.59670165	1.334	4.4E-05	0	10.909555	0.18898	0.110398	14.431842	0.057648	0.031862	14.444078	0.028597	0.013199	14.549731	0.01401928	1.590336364	157.57846336529	209.979418934502
12	3	-45412.1	-1608.41	35.5899999999999	6.458	5.137	-5.7975	1.321	0.75700227	12.72180403	8.77744133	1.321	5.2E-05	4E-06	10.917546	0.071234	0.055612	14.443866	0.008136	0.00416	14.466104	0.015883	0.005277	14.580417	0.0021632	0.003113068	157.934355860784	210.597589372122
12	4	-45412.1	-1607.45	36.55	6.317	5.347	-5.832	0.97	1.03092784	17.53207423	12.02474227	0.97	4.6E-05	0	10.932634	0.089868	0.000196	14.470289	0.037676	4.4E-05	14.497498	0.02935	3.5E-05	14.611039	2.024E-05	0.00760165	158.495839549732	211.425956920271
12	5	-45412.4	-1615.44	28.5599999999999	6.542	5.241	-5.8915	1.301	0.76863951	13.33965113	9.05687932	1.301	6.2E-05	0	10.940209	0.033482	0.000259	14.490293	0.023721	1.3E-05	14.526595	0.021705	3.2E-05	14.630516	8.06E-06	0.00373326	158.923985358355	212.000463581188
12	6	-45412.8	-1624.11	19.8900000000001	6.488	5.227	-5.8575	1.261	0.79302141	13.60440375	9.29024584	1.261	5.3E-05	0	10.937148	0.00203	0.000172	14.48764	0.001905	3E-06	14.525944	0.008252	1.1E-05	14.623727	1.59E-06	0.000693168	158.872399367712	211.86329223428
12	7	-45413.2	-1632.94	11.0599999999999	6.496	5.191	-5.8435	1.305	0.76628352	13.08294722	8.95555556	1.305	4.8E-05	2E-06	10.924133	0.001043	8.4E-05	14.487608	0.001384	1E-06	14.492766	0.007212	4E-06	14.600771	4.8E-07	0.002459292	158.320903321878	211.530246745768
12	8	-45413.4	-1637.7	6.29999999999995	6.457	5.147	-5.802	1.31	0.76335878	12.84855115	8.85801527	1.31	4.4E-05	3E-05	10.911086	0.000806	0.000341	14.461912	0.001171	2E-06	14.462735	0.006229	1.3E-05	14.57096	8.8E-07	0.00080977	157.80414538021	210.72394127552
12	9	-45413.5	-1640.15	3.84999999999991	6.43	5.11	-5.77	1.32	0.75757576	12.61094697	8.74242424	1.32	3.7E-05	6.1E-05	10.896482	0.000844	0.00013	14.445964	0.001086	0	14.441712	0.005646	4E-06	14.549627	0	0.000101628	157.363854857184	210.183387855428
12	10	-45413.5	-1641.19	2.80999999999995	6.405	5.1	-5.7525	1.305	0.76628352	12.67864224	8.81609195	1.305	3.4E-05	7.2E-05	10.881082	0.000908	1.8E-05	14.415988	0.00108	0	14.426326	0.005443	0	14.524523	0	5.443E-06	156.974036164732	209.385349273724
12	11	-45413.6	-1642.04	1.96000000000004	6.393	5.069	-5.731	1.324	0.75528701	12.40345959	8.6570997	1.324	3.4E-05	8.1E-05	10.857221	0.000802	1E-06	14.38739	0.00102	0	14.427952	0.005193	0	14.518802	0	0.622214874	156.647463441392	208.88766670678
13	0	-45412.2	-1611.72	32.28	6.408	5.06	-5.734	1.348	0.74183976	12.19538427	8.5074184	1.348	4.6E-05	0	10.918032	0.180431	0.119818	14.419046	0.054168	0.033672	14.429637	0.025207	0.012725	14.54086	0.01548912	3.174720822	157.543238514384	209.66532921956
13	1	-45412.3	-1612.89	31.1099999999999	6.394	5.045	-5.7195	1.349	0.74128984	12.12478883	8.47961453	1.349	4.4E-05	0	10.914762	0.180071	0.125946	14.403451	0.054957	0.035948	14.401011	0.025678	0.014009	14.516157	0.01581712	2.631147626	157.183607624382	209.082756057807
13	2	-45412.2	-1611.03	32.97	6.419	5.076	-5.7475	1.343	0.74460164	12.29849451	8.55919583	1.343	4.6E-05	0	10.91188	0.193731	0.102467	14.393477	0.060946	0.030206	14.367504	0.029932	0.012184	14.495548	0.01389476	1.851383996	156.77647954752	208.641336740396
13	3	-45412	-1606.74	37.26	6.449	5.136	-5.7925	1.313	0.76161462	12.77724914	8.82330541	1.313	4.8E-05	0	10.921891	0.181855	0.061853	14.409082	0.061515	0.019155	14.384276	0.03439	0.008543	14.515967	0.0091944	0.33987637	157.103494585916	209.161758812294
13	4	-45412	-1605.74	38.26	6.519	5.218	-5.8685	1.301	0.76863951	13.23570033	9.02152191	1.301	5.9E-05	2E-06	10.941371	0.099267	0.009883	14.432434	0.039896	0.000807	14.422498	0.034002	0.001606	14.553525	0.00047613	0.010642626	157.801901364758	210.04278902985
13	5	-45412.2	-1611.76	32.24	6.542	5.241	-5.8915	1.301	0.76863951	13.33965113	9.05687932	1.301	6.1E-05	0	10.955923	0.032044	0.000313	14.454228	0.025177	1.1E-05	14.460807	0.022687	4.6E-05	14.579966	6.71E-06	0.003425737	158.431488009861	210.742152796248
13	6	-45412.7	-1621.56	22.4400000000001	6.509	5.204	-5.8565	1.305	0.76628352	13.14122308	8.97547893	1.305	5.3E-05	1E-06	10.951147	0.002336	0.000151	14.449892	0.001868	1E-06	14.455317	0.00889	1E-05	14.570642	5.3E-07	0.00194691	158.302301398599	210.544203270664
13	7	-45413.1	-1630.69	13.3099999999999	6.498	5.191	-5.8445	1.307	0.76511094	13.06739872	8.94338179	1.307	5E-05	4E-06	10.940367	0.001317	0.000219	14.437375	0.001464	1E-06	14.423803	0.007729	1.2E-05	14.543387	5E-07	0.000571946	157.801698355701	209.968331889125
13	8	-45413.3	-1635.05	8.95000000000005	6.484	5.178	-5.831	1.306	0.76569678	13.01706011	8.9295559	1.306	4.4E-05	9E-06	10.930384	0.001095	7.4E-05	14.420497	0.001247	0	14.384785	0.007111	3E-06	14.512328	0	0.000718211	157.23122380744	209.274982387016
13	9	-45413.3	-1636.49	7.50999999999999	6.45	5.138	-5.794	1.312	0.76219512	12.79361128	8.83231707	1.312	3.7E-05	5.1E-05	10.919004	0.001023	0.000101	14.399024	0.001082	0	14.35701	0.006386	4E-06	14.485194	0	0.00015965	156.76424961804	208.572656050656
13	10	-45413.5	-1640.49	3.50999999999999	6.426	5.095	-5.7605	1.331	0.7513148	12.46557485	8.65589782	1.331	3.5E-05	7.3E-05	10.88368	0.000921	2.5E-05	14.376566	0.000994	0	14.360646	0.005814	1E-06	14.479706	0	1.1628E-05	156.29667565728	208.168448969596
13	11	-45413.5	-1640.14	3.8599999999999	6.406	5.075	-5.7405	1.331	0.7513148	12.37916613	8.62584523	1.331	3.3E-05	8.5E-05	10.874483	0.001092	2E-06	14.34801	0.001031	0	14.339268	0.005657	0	14.449259	0	0.634607917	155.932126098444	207.31811262459
14	0	-45412.1	-1608.48	35.52	6.424	5.07	-5.747	1.354	0.73855244	12.19645827	8.48892171	1.354	4.5E-05	0	10.932186	0.116344	0.112181	14.376662	0.036297	0.030346	14.357126	0.01897	0.011719	14.48854	0.0136557	2.26934316	156.954771857436	208.29684245348
14	1	-45412.1	-1609.19	34.8099999999999	6.404	5.053	-5.7285	1.351	0.74019245	12.14497123	8.4803849	1.351	4.3E-05	0	10.926154	0.193367	0.119628	14.354764	0.059805	0.035044	14.322019	0.027289	0.013252	14.457234	0.01506892	2.686629339	156.484585184926	207.530182162776
14	2	-45412.1	-1607.39	36.6099999999999	6.419	5.081	-5.75	1.338	0.74738416	12.35519432	8.59491779	1.338	4.5E-05	0	10.927282	0.195424	0.098451	14.358248	0.062175	0.029241	14.313135	0.030206	0.011707	14.455744	0.01315845	1.559868046	156.40366244907	207.559157376512
14	3	-45411.9	-1603.72	40.28	6.456	5.15	-5.803	1.306	0.76569678	12.89234648	8.88667688	1.306	4.8E-05	1E-06	10.935664	0.18447	0.051641	14.373673	0.061183	0.013806	14.325353	0.03497	0.00686	14.474598	0.00662688	0.22422764	156.657247089392	208.053138458454
14	4	-45411.8	-1602.67	41.3299999999999	6.525	5.227	-5.876	1.298	0.77041602	13.30022188	9.05392912	1.298	5.7E-05	1E-06	10.953915	0.105055	0.006412	14.393651	0.046921	0.001399	14.345678	0.036154	0.001546	14.496729	0.00079743	0.009074654	157.14133742937	208.660857867579
14	5	-45412.1	-1608.33	35.6700000000001	6.515	5.262	-5.8885	1.253	0.7980846	13.83656514	9.3990423	1.253	5.9E-05	0	10.971355	0.03008	0.000251	14.412579	0.026382	2E-06	14.385387	0.02372	3.3E-05	14.522789	1.18E-06	0.00407984	157.827187589385	209.310843762831
14	6	-45412.5	-1618.47	25.53	6.525	5.221	-5.873	1.304	0.76687117	13.22550959	9.00766871	1.304	5.5E-05	0	10.966669	0.002656	0.000172	14.408247	0.001874	1E-06	14.377296	0.009782	1.5E-05	14.512052	5.5E-07	0.00288569	157.671046347024	209.093229692844
14	7	-45412.9	-1626.93	17.0699999999999	6.504	5.196	-5.85	1.308	0.76452599	13.08199541	8.94495413	1.308	5E-05	4E-06	10.958012	0.001663	0.000295	14.394205	0.001447	0	14.346723	0.008515	1.9E-05	14.485883	0	0.0022139	157.211562794676	208.512769508015
14	8	-45413.1	-1631.1	12.9000000000001	6.48	5.181	-5.8305	1.299	0.76982294	13.08496161	8.97690531	1.299	4.7E-05	2E-05	10.946547	0.001439	0.00026	14.369241	0.001279	0	14.294393	0.008001	1.4E-05	14.443369	0	0.001112139	156.474244810971	207.540250012929
14	9	-45413.2	-1633.19	10.8099999999999	6.458	5.145	-5.8015	1.313	0.76161462	12.81698486	8.83701447	1.313	4.1E-05	5.4E-05	10.936436	0.001319	0.000139	14.340679	0.001145	0	14.259668	0.007434	7E-06	14.411299	0	0.000267624	155.949946463248	206.667812932021
14	10	-45413.2	-1633.55	10.45	6.452	5.128	-5.79	1.324	0.75528701	12.66015861	8.74622356	1.324	3.8E-05	7E-05	10.914865	0.001257	3.6E-05	14.306215	0.001105	0	14.238678	0.007224	1E-06	14.383231	0	2.8896E-05	155.41324814847	205.769595080665
14	11	-45413.3	-1635.29	8.71000000000004	6.421	5.117	-5.769	1.304	0.76687117	12.76125805	8.84815951	1.304	3.3E-05	8.3E-05	10.876676	0.001241	4E-06	14.27659	0.001057	0	14.224925	0.007008	0	14.365691	0	0	154.7199003493	205.09308047369
