Names	Time	Tem	Pr  	cocat	Co2%sol	a-radii	Dipty	Yield	select	TON	TOF	surface	MP	mw	tg
1	6.00	383.15	4.00	wot	54.18	4.39	0.83	0.00	0.00	0.00	0.00	3.75	269.15	419.36	169.15
2	6.00	383.15	4.00	ZnCl2	54.18	4.39	0.83	19.00	60.00	4.56	0.76	3.75	269.15	419.36	169.15
3	6.00	383.15	4.00	ZnBr2	54.18	4.39	0.83	90.00	82.00	29.50	4.92	3.75	269.15	419.36	169.15
4	6.00	383.15	4.00	wot	14.40	2.70	1.09	84.00	90.00	30.20	5.04	4.25	314.15	174.00	197.00
5	6.00	383.15	4.00	wot	49.51	3.44	0.96	0.00	0.00	0.00	0.00	4.66	378.15	226.00	202.70
6	6.00	383.15	4.00	ZnBr2	14.40	2.70	0.83	86.00	90.00	30.90	5.16	4.25	314.15	174.00	197.00
7	6.00	383.15	4.00	ZnBr2	49.51	3.44	0.96	34.00	91.00	12.40	2.06	4.66	378.15	226.00	202.70
8	6.00	383.15	4.00	ZnBr2	34.29	3.55	0.96	67.00	84.00	22.50	3.75	4.00	291.65	296.68	183.08
9	6.00	383.15	4.00	ZnCl2	0.00	2.70	NA	0.00	0.00	0.00	0.00	0.00	556.00	136.29	0.00
10	6.00	383.15	4.00	ZnBr2	0.00	3.12	NA	0.00	0.00	0.00	0.00	0.00	667.00	225.20	0.00
11	6.00	373.15	4.00	ZnBr2	54.18	4.39	0.83	65.00	96.00	24.90	4.16	3.75	269.15	419.36	169.15
12	6.00	393.15	4.00	ZnBr2	54.18	4.39	0.83	75.00	68.00	20.40	3.40	3.75	269.15	419.36	169.15
13	6.00	403.15	4.00	ZnBr2	54.18	4.39	0.83	68.00	94.00	25.60	4.26	3.75	269.15	419.36	169.15
14	6.00	413.15	4.00	ZnBr2	54.18	4.39	0.83	64.00	86.00	22.00	3.67	3.75	269.15	419.36	169.15
15	6.00	383.15	2.50	ZnBr2	37.91	4.39	0.83	84.00	53.00	17.80	2.97	3.75	269.15	419.36	169.15
16	6.00	383.15	5.00	ZnBr2	65.06	4.39	0.83	52.00	95.00	19.80	3.00	3.75	269.15	419.36	169.15
17	2.00	383.15	4.00	ZnBr2	54.18	4.39	0.83	31.00	89.00	11.00	5.52	3.75	269.15	419.36	169.15
18	4.00	383.15	4.00	ZnBr2	54.18	4.39	0.83	55.00	96.00	21.10	5.28	3.75	269.15	419.36	169.15
19	8.00	383.15	4.00	ZnBr2	54.18	4.39	0.83	74.00	77.00	22.80	2.85	3.75	269.15	419.36	169.15

