names	Time	Tem	Pr	Co2%sol	a.radii	Dipty	Yield	select	TON	TOF	surface	MP	mw	tg	znbr	zncl	yield1	yield2	select1	select2
1	6	383.15	4	54.18	4.39	0.83	0.00	0	0	0	3.75	269.15	419.36	169.15	0	0	yes	no	yes	no
2	6	383.15	4	54.18	4.39	0.83	11.40	60	4.56	0.76	3.75	269.15	419.36	169.15	0	1	yes	no	yes	no
3	6	383.15	4	54.18	4.39	0.83	73.80	82	29.5	4.92	3.75	269.15	419.36	169.15	1	0	yes	no	yes	no
4	6	383.15	4	14.40	2.70	1.09	75.60	90	30.2	5.04	4.25	314.15	174.00	197.00	0	0	yes	no	yes	no
5	6	383.15	4	49.51	3.44	0.96	0.00	0	0	0	4.66	378.15	226.00	202.70	0	0	yes	no	yes	no
6	6	383.15	4	14.40	2.70	0.83	77.40	90	30.9	5.16	4.25	314.15	174.00	197.00	0	0	yes	no	yes	no
7	6	383.15	4	49.51	3.44	0.96	30.94	91	12.4	2.06	4.66	378.15	226.00	202.70	1	0	yes	no	yes	no
8	6	383.15	4	34.29	3.55	0.96	56.28	84	22.5	3.75	4	291.65	296.68	183.08	1	0	yes	no	yes	no
9	6	383.15	4	0	2.70	0	0.00	0	0	0	0	556	136.29	0.00	0	1	yes	no	yes	no
10	6	383.15	4	0	3.12	0	0.00	0	0	0	0	667	225.20	0.00	1	0	yes	no	yes	no
11	6	373.15	4	54.18	4.39	0.83	62.40	96	24.9	4.16	3.75	269.15	419.36	169.15	1	0	no	yes	no	yes
12	6	393.15	4	54.18	4.39	0.83	51.00	68	20.4	3.4	3.75	269.15	419.36	169.15	1	0	no	yes	no	yes
13	6	403.15	4	54.18	4.39	0.83	63.92	94	25.6	4.26	3.75	269.15	419.36	169.15	1	0	no	yes	no	yes
14	6	413.15	4	54.18	4.39	0.83	55.04	86	22	3.67	3.75	269.15	419.36	169.15	1	0	no	yes	no	yes
15	6	383.15	2.5	37.91	4.39	0.83	44.52	53	17.8	2.97	3.75	269.15	419.36	169.15	1	0	yes	yes	yes	yes
16	6	383.15	5	65.06	4.39	0.83	49.40	95	19.8	3	3.75	269.15	419.36	169.15	1	0	yes	yes	yes	yes
17	2	383.15	4	54.18	4.39	0.83	27.59	89	11	5.52	3.75	269.15	419.36	169.15	1	0	no	yes	no	yes
18	4	383.15	4	54.18	4.39	0.83	52.80	96	21.1	5.28	3.75	269.15	419.36	169.15	1	0	no	yes	no	yes
19	8	383.15	4	54.18	4.39	0.83	56.98	77	22.8	2.85	3.75	269.15	419.36	169.15	1	0	no	yes	no	yes


