número 	Pinicial(Pa)	Pfinal(Pa)	Pinicial(MPa)	Pfinal(MPa)	Temp1	Temp2	Pressão1(MPa)	pressão2(MPa)	DensidadeTemp1(2MPa)	DesidadeTemp2(2MPa)	DensidadeTemp1(3MPa)	DensidadeTemp2(3MPa)	Temperatura
1	2952000	2127000	2.952	2.127	300	305	2	3	39.42	38.506	63.376	61.556	303
2	2965000	2224000	2.965	2.224	300	305	2	3	39.42	38.506	63.376	61.556	303
3	2949000	2252000	2.949	2.252	300	305	2	3	39.42	38.506	63.376	61.556	303
4	2942000	2300000	2.942	2.3	300	305	2	3	39.42	38.506	63.376	61.556	303
5	2935000	2093000	2.935	2.093	320	325	2	3	36.063	35.333	56.89	55.544	323
6	2948000	2161000	2.948	2.161	320	325	2	3	36.063	35.333	56.89	55.544	323
7	2952000	2252000	2.952	2.252	320	325	2	3	36.063	35.333	56.89	55.544	323
8	2950000	2304000	2.95	2.304	320	325	2	3	36.063	35.333	56.89	55.544	323
9	2958000	2368000	2.958	2.368	300	305	2	3	39.42	38.506	63.376	61.556	303
10	2955000	2372000	2.955	2.372	320	325	2	3	36.063	35.333	56.89	55.544	323
11	2964000	2341000	2.964	2.341	320	325	2	3	36.063	35.333	56.89	55.544	323
12	2971000	2370000	2.971	2.37	320	325	2	3	36.063	35.333	56.89	55.544	323
13	2963000	2364000	2.963	2.364	320	325	2	3	36.063	35.333	56.89	55.544	323
14	2952000	2360000	2.952	2.36	320	325	2	3	36.063	35.333	56.89	55.544	323
15	2967000	2345000	2.967	2.345	300	305	2	3	39.42	38.506	63.376	61.556	303
16	2969000	2363000	2.969	2.363	300	305	2	3	39.42	38.506	63.376	61.556	303
17	2958000	2361000	2.958	2.361	300	305	2	3	39.42	38.506	63.376	61.556	303
18	2960000	2365000	2.96	2.365	300	305	2	3	39.42	38.506	63.376	61.556	303
19	3038000	2180000	3.038	2.18	300	305	2	3	39.42	38.506	63.376	61.556	303
20	3042000	2297000	3.042	2.297	300	305	2	3	39.42	38.506	63.376	61.556	303
21	2967000	2168000	2.967	2.168	300	305	2	3	39.42	38.506	63.376	61.556	303
22	3004000	2297000	3.004	2.297	300	305	2	3	39.42	38.506	63.376	61.556	303
23	3047000	2179000	3.047	2.179	320	325	2	3	36.063	35.333	56.89	55.544	323
24	3008000	2252000	3.008	2.252	320	325	2	3	36.063	35.333	56.89	55.544	323
25	3037000	2166000	3.037	2.166	320	325	2	3	36.063	35.333	56.89	55.544	323
26	3016000	2271000	3.016	2.271	320	325	2	3	36.063	35.333	56.89	55.544	323

