Temperatura	Pressão	Densidade
20	20	40.7735
25	20	39.7742
30	20	38.8381
35	20	37.9581
40	20	37.1282
45	22	40.3744
50	22	39.5220
55	22	39.5220
20	22	45.5042
25	22	44.3381
30	24	44.3381
35	24	46.6157
40	24	45.5208
45	24	44.4922
50	24	43.5228
55	26	46.5727
20	26	55.4530
25	26	53.8912
30	26	52.4503
35	26	51.1136
40	26	49.8675
45	28	53.0063
50	28	51.7740
55	28	50.6160
20	28	60.7015
25	28	58.9038
30	30	62.2120
35	30	60.4864
40	30	58.8928
45	30	57.4131
50	30	56.0328
55	30	54.7399
20	32	71.8422
25	32	69.4731
30	32	67.3319
35	32	65.3793
40	32	63.5855
45	32	61.9273
50	34	61.9273
55	34	63.2451
20	34	77.7831
25	34	75.0651
30	34	72.6295
35	36	75.6316
40	36	73.3721
45	36	71.3045
50	36	69.3997
55	36	67.6348
20	38	90.5659
25	38	86.9757
30	38	83.8243
35	38	81.0164
40	38	78.4852
45	40	81.1969
50	40	78.8595
55	40	76.7120
20	40	97.4940
25	40	93.3515
30	42	95.9574
35	42	92.3804
40	42	89.2076
45	42	86.3581
50	42	89.2076
55	44	86.2220
20	44	112.7282
25	44	107.1346
30	44	102.4418
35	44	98.3973
40	46	100.6844
45	46	97.1629
50	46	94.0088
55	46	91.1543
20	46	121.2144
25	48	122.6617
30	48	116.4258
35	48	111.2189
40	48	106.7477
45	48	102.8309
50	50	104.8480
55	50	101.4085
20	50	140.6525
25	50	131.2785
30	50	124.0212
35	50	118.0832
40	51	116.3073
45	51	111.7051
50	51	107.6619
55	51	104.0589
30	51	127.9963
