t	i	[Na2SO4]	Membrane	Degradation	Mineralization
0	5	2	No	0.00	0.00
0	5	2	Yes	0.00	0.00
0	5	4	No	0.00	0.00
0	5	4	Yes	0.00	0.00
0	5	8	No	0.00	0.00
0	5	8	Yes	0.00	0.00
0	10	2	No	0.00	0.00
0	10	2	Yes	0.00	0.00
0	10	4	No	0.00	0.00
0	10	4	Yes	0.00	0.00
0	10	8	No	0.00	0.00
0	10	8	Yes	0.00	0.00
0	20	2	No	0.00	0.00
0	20	2	Yes	0.00	0.00
0	20	4	No	0.00	0.00
0	20	4	Yes	0.00	0.00
0	20	8	No	0.00	0.00
0	20	8	Yes	0.00	0.00
0	30	2	No	0.00	0.00
0	30	2	Yes	0.00	0.00
0	30	4	No	0.00	0.00
0	30	4	Yes	0.00	0.00
0	30	8	No	0.00	0.00
0	30	8	Yes	0.00	0.00
0	40	2	No	0.00	0.00
0	40	2	Yes	0.00	0.00
0	40	4	No	0.00	0.00
0	40	4	Yes	0.00	0.00
0	40	8	No	0.00	0.00
0	40	8	Yes	0.00	0.00
15	5	2	No	2.48	0.80
15	5	2	Yes	9.88	12.29
15	5	4	No	4.52	2.56
15	5	4	Yes	16.31	16.18
15	5	8	No	12.79	5.83
15	5	8	Yes	9.26	15.04
15	10	2	No	5.16	3.34
15	10	2	Yes	20.79	25.05
15	10	4	No	6.43	0.93
15	10	4	Yes	13.28	18.06
15	10	8	No	23.64	4.19
15	10	8	Yes	14.92	16.83
15	20	2	No	7.85	3.84
15	20	2	Yes	35.62	35.39
15	20	4	No	8.98	2.00
15	20	4	Yes	28.95	29.04
15	20	8	No	12.80	5.66
15	20	8	Yes	15.97	20.07
15	30	2	No	17.36	8.18
15	30	2	Yes	40.22	44.39
15	30	4	No	12.57	7.44
15	30	4	Yes	35.53	30.77
15	30	8	No	15.71	8.18
15	30	8	Yes	33.74	25.53
15	40	2	No	30.78	10.62
15	40	2	Yes	63.08	52.37
15	40	4	No	16.01	4.14
15	40	4	Yes	61.22	39.06
15	40	8	No	28.95	10.62
15	40	8	Yes	61.94	29.57
30	5	2	No	3.77	1.21
30	5	2	Yes	17.78	18.38
30	5	4	No	6.89	6.06
30	5	4	Yes	24.53	21.31
30	5	8	No	19.95	10.34
30	5	8	Yes	20.50	22.41
30	10	2	No	7.10	6.19
30	10	2	Yes	36.35	39.64
30	10	4	No	7.40	5.59
30	10	4	Yes	26.63	28.33
30	10	8	No	35.00	9.98
30	10	8	Yes	26.40	26.67
30	20	2	No	13.09	7.68
30	20	2	Yes	57.91	48.38
30	20	4	No	14.21	5.37
30	20	4	Yes	47.64	39.73
30	20	8	No	19.95	11.31
30	20	8	Yes	32.85	31.68
30	30	2	No	25.43	19.77
30	30	2	Yes	65.27	60.16
30	30	4	No	17.20	9.74
30	30	4	Yes	60.43	46.67
30	30	8	No	24.31	19.77
30	30	8	Yes	50.99	39.53
30	40	2	No	43.54	23.97
30	40	2	Yes	87.49	67.69
30	40	4	No	22.66	13.80
30	40	4	Yes	85.29	53.18
30	40	8	No	40.61	23.97
30	40	8	Yes	86.66	46.14
45	5	2	No	5.94	3.63
45	5	2	Yes	25.76	21.83
45	5	4	No	9.34	7.20
45	5	4	Yes	32.76	25.40
45	5	8	No	27.18	13.10
45	5	8	Yes	28.84	29.47
45	10	2	No	10.84	7.82
45	10	2	Yes	48.47	47.65
45	10	4	No	11.82	7.47
45	10	4	Yes	38.68	38.78
45	10	8	No	48.02	15.37
45	10	8	Yes	39.71	35.53
45	20	2	No	17.20	10.41
45	20	2	Yes	72.33	57.67
45	20	4	No	18.55	9.86
45	20	4	Yes	64.70	49.32
45	20	8	No	27.19	19.39
45	20	8	Yes	51.95	42.71
45	30	2	No	41.81	30.78
45	30	2	Yes	78.42	69.14
45	30	4	No	25.43	15.05
45	30	4	Yes	73.45	56.06
45	30	8	No	38.22	30.78
45	30	8	Yes	70.08	51.37
45	40	2	No	65.32	37.21
45	40	2	Yes	97.25	76.43
45	40	4	No	32.91	17.92
45	40	4	Yes	97.83	64.69
45	40	8	No	54.45	37.21
45	40	8	Yes	98.72	58.30
60	5	2	No	9.16	5.15
60	5	2	Yes	32.67	26.02
60	5	4	No	12.45	13.98
60	5	4	Yes	39.72	30.96
60	5	8	No	36.93	18.14
60	5	8	Yes	39.02	37.72
60	10	2	No	15.40	12.37
60	10	2	Yes	57.74	56.09
60	10	4	No	16.31	12.21
60	10	4	Yes	46.35	44.38
60	10	8	No	60.06	21.94
60	10	8	Yes	49.04	44.22
60	20	2	No	21.47	13.23
60	20	2	Yes	86.98	64.12
60	20	4	No	24.91	16.24
60	20	4	Yes	78.83	56.73
60	20	8	No	36.94	29.74
60	20	8	Yes	60.96	51.85
60	30	2	No	57.96	38.00
60	30	2	Yes	87.70	74.53
60	30	4	No	35.45	20.94
60	30	4	Yes	85.04	64.31
60	30	8	No	54.08	38.00
60	30	8	Yes	84.35	60.13
60	40	2	No	80.41	46.19
60	40	2	Yes	100.00	78.85
60	40	4	No	44.95	24.10
60	40	4	Yes	98.76	69.79
60	40	8	No	70.53	46.19
60	40	8	Yes	98.79	66.13
90	5	2	No	14.47	11.41
90	5	2	Yes	45.44	29.87
90	5	4	No	19.57	17.82
90	5	4	Yes	52.88	38.90
90	5	8	No	60.47	27.95
90	5	8	Yes	54.25	47.75
90	10	2	No	23.26	18.29
90	10	2	Yes	74.57	68.29
90	10	4	No	25.06	21.61
90	10	4	Yes	67.61	55.88
90	10	8	No	69.11	35.26
90	10	8	Yes	65.88	56.65
90	20	2	No	34.11	19.67
90	20	2	Yes	97.43	72.49
90	20	4	No	38.97	24.00
90	20	4	Yes	89.53	67.16
90	20	8	No	60.47	42.35
90	20	8	Yes	82.51	65.01
90	30	2	No	82.19	54.79
90	30	2	Yes	94.97	80.55
90	30	4	No	51.76	30.61
90	30	4	Yes	96.26	75.02
90	30	8	No	67.39	54.79
90	30	8	Yes	96.18	72.96
90	40	2	No	87.61	58.95
90	40	2	Yes	100.00	81.93
90	40	4	No	65.07	36.02
90	40	4	Yes	100.00	77.68
90	40	8	No	87.43	58.95
90	40	8	Yes	98.87	76.72
120	5	2	No	21.16	16.24
120	5	2	Yes	56.23	35.74
120	5	4	No	27.13	21.12
120	5	4	Yes	64.25	45.74
120	5	8	No	89.94	37.89
120	5	8	Yes	67.48	58.86
120	10	2	No	31.93	24.70
120	10	2	Yes	82.12	74.37
120	10	4	No	34.63	26.66
120	10	4	Yes	80.12	63.63
120	10	8	No	76.36	44.01
120	10	8	Yes	78.65	66.21
120	20	2	No	44.88	27.18
120	20	2	Yes	97.66	76.21
120	20	4	No	51.53	30.37
120	20	4	Yes	98.13	75.23
120	20	8	No	89.95	54.31
120	20	8	Yes	96.41	74.94
120	30	2	No	92.38	66.03
120	30	2	Yes	100.00	83.24
120	30	4	No	66.72	38.63
120	30	4	Yes	100.00	80.51
120	30	8	No	90.95	66.03
120	30	8	Yes	97.02	79.20
120	40	2	No	95.72	68.30
120	40	2	Yes	100.00	81.91
120	40	4	No	80.03	45.41
120	40	4	Yes	100.00	80.39
120	40	8	No	98.20	68.30
120	40	8	Yes	100.00	80.25
150	5	2	No	26.27	22.17
150	5	2	Yes	65.43	39.78
150	5	4	No	34.76	27.99
150	5	4	Yes	72.63	51.36
150	5	8	No	95.43	45.94
150	5	8	Yes	76.28	65.11
150	10	2	No	40.76	27.67
150	10	2	Yes	89.68	80.35
150	10	4	No	44.50	32.12
150	10	4	Yes	93.04	70.04
150	10	8	No	83.69	54.90
150	10	8	Yes	88.37	74.29
150	20	2	No	56.25	34.57
150	20	2	Yes	100.00	78.63
150	20	4	No	62.83	36.70
150	20	4	Yes	98.73	79.58
150	20	8	No	95.43	62.08
150	20	8	Yes	99.31	81.00
150	30	2	No	100.00	71.34
150	30	2	Yes	100.00	83.57
150	30	4	No	78.68	46.10
150	30	4	Yes	100.00	82.06
150	30	8	No	99.25	71.34
150	30	8	Yes	97.40	81.57
150	40	2	No	100.00	70.43
150	40	2	Yes	100.00	81.63
150	40	4	No	88.03	57.35
150	40	4	Yes	100.00	81.46
150	40	8	No	100.00	70.43
150	40	8	Yes	100.00	81.97
180	5	2	No	31.75	28.24
180	5	2	Yes	72.95	40.71
180	5	4	No	42.55	33.45
180	5	4	Yes	80.63	57.71
180	5	8	No	97.25	52.21
180	5	8	Yes	84.93	72.29
180	10	2	No	50.48	35.34
180	10	2	Yes	94.47	84.44
180	10	4	No	53.25	39.51
180	10	4	Yes	97.11	75.21
180	10	8	No	100.00	61.24
180	10	8	Yes	94.11	79.03
180	20	2	No	66.12	39.50
180	20	2	Yes	100.00	80.47
180	20	4	No	72.55	43.80
180	20	4	Yes	100.00	80.88
180	20	8	No	97.26	69.30
180	20	8	Yes	100.00	84.33
180	30	2	No	100.00	73.25
180	30	2	Yes	100.00	83.67
180	30	4	No	87.81	51.95
180	30	4	Yes	100.00	83.24
180	30	8	No	100.00	73.25
180	30	8	Yes	97.56	82.91
180	40	2	No	100.00	70.35
180	40	2	Yes	100.00	81.01
180	40	4	No	92.45	62.58
180	40	4	Yes	100.00	81.96
180	40	8	No	100.00	70.35
180	40	8	Yes	100.00	82.83
210	5	2	No	41.08	33.02
210	5	2	Yes	78.57	44.58
210	5	4	No	49.59	37.81
210	5	4	Yes	86.54	61.37
210	5	8	No	98.78	56.58
210	5	8	Yes	90.82	76.95
210	10	2	No	57.14	40.08
210	10	2	Yes	98.35	87.96
210	10	4	No	60.88	43.67
210	10	4	Yes	100.00	77.63
210	10	8	No	100.00	69.24
210	10	8	Yes	97.86	83.74
210	20	2	No	75.02	45.47
210	20	2	Yes	100.00	81.85
210	20	4	No	81.53	48.79
210	20	4	Yes	100.00	82.50
210	20	8	No	98.78	72.09
210	20	8	Yes	100.00	85.45
210	30	2	No	100.00	73.12
210	30	2	Yes	100.00	83.62
210	30	4	No	91.85	59.53
210	30	4	Yes	100.00	83.62
210	30	8	No	100.00	73.12
210	30	8	Yes	99.54	82.58
210	40	2	No	100.00	69.56
210	40	2	Yes	100.00	80.02
210	40	4	No	96.34	69.53
210	40	4	Yes	100.00	81.94
210	40	8	No	100.00	69.56
210	40	8	Yes	100.00	82.40
240	5	2	No	48.15	35.56
240	5	2	Yes	82.60	44.87
240	5	4	No	56.04	40.96
240	5	4	Yes	89.15	65.23
240	5	8	No	100.00	61.82
240	5	8	Yes	94.64	79.96
240	10	2	No	64.09	44.75
240	10	2	Yes	99.03	89.92
240	10	4	No	68.44	49.17
240	10	4	Yes	100.00	79.88
240	10	8	No	100.00	74.96
240	10	8	Yes	99.39	86.35
240	20	2	No	83.32	49.67
240	20	2	Yes	100.00	81.46
240	20	4	No	87.51	55.51
240	20	4	Yes	100.00	82.61
240	20	8	No	100.00	73.02
240	20	8	Yes	100.00	85.88
240	30	2	No	100.00	71.37
240	30	2	Yes	100.00	82.88
240	30	4	No	94.91	64.16
240	30	4	Yes	100.00	83.88
240	30	8	No	100.00	71.37
240	30	8	Yes	100.00	82.51
240	40	2	No	100.00	66.51
240	40	2	Yes	100.00	79.05
240	40	4	No	98.35	72.46
240	40	4	Yes	100.00	81.82
240	40	8	No	100.00	66.51
240	40	8	Yes	100.00	81.55
0	5	2	No	0.00	0.00
0	5	2	Yes	0.00	0.00
0	5	4	No	0.00	0.00
0	5	4	Yes	0.00	0.00
0	5	8	No	0.00	0.00
0	5	8	Yes	0.00	0.00
0	10	2	No	0.00	0.00
0	10	2	Yes	0.00	0.00
0	10	4	No	0.00	0.00
0	10	4	Yes	0.00	0.00
0	10	8	No	0.00	0.00
0	10	8	Yes	0.00	0.00
0	20	2	No	0.00	0.00
0	20	2	Yes	0.00	0.00
0	20	4	No	0.00	0.00
0	20	4	Yes	0.00	0.00
0	20	8	No	0.00	0.00
0	20	8	Yes	0.00	0.00
0	30	2	No	0.00	0.00
0	30	2	Yes	0.00	0.00
0	30	4	No	0.00	0.00
0	30	4	Yes	0.00	0.00
0	30	8	No	0.00	0.00
0	30	8	Yes	0.00	0.00
0	40	2	No	0.00	0.00
0	40	2	Yes	0.00	0.00
0	40	4	No	0.00	0.00
0	40	4	Yes	0.00	0.00
0	40	8	No	0.00	0.00
0	40	8	Yes	0.00	0.00
15	5	2	No	2.49	0.73
15	5	2	Yes	9.89	12.27
15	5	4	No	4.58	2.44
15	5	4	Yes	16.31	16.16
15	5	8	No	12.80	5.81
15	5	8	Yes	9.31	15.02
15	10	2	No	5.24	3.32
15	10	2	Yes	20.80	25.05
15	10	4	No	6.45	0.93
15	10	4	Yes	13.28	17.06
15	10	8	No	24.60	4.17
15	10	8	Yes	15.88	16.63
15	20	2	No	11.89	3.78
15	20	2	Yes	35.62	35.30
15	20	4	No	11.00	1.89
15	20	4	Yes	30.97	28.03
15	20	8	No	14.82	5.66
15	20	8	Yes	15.97	19.71
15	30	2	No	19.45	8.02
15	30	2	Yes	41.81	44.23
15	30	4	No	12.67	7.32
15	30	4	Yes	35.58	30.61
15	30	8	No	15.72	7.75
15	30	8	Yes	33.75	25.21
15	40	2	No	30.79	10.57
15	40	2	Yes	63.09	51.68
15	40	4	No	16.02	3.19
15	40	4	Yes	61.25	39.06
15	40	8	No	28.95	10.61
15	40	8	Yes	61.95	29.57
30	5	2	No	3.77	1.20
30	5	2	Yes	17.78	18.38
30	5	4	No	6.89	6.06
30	5	4	Yes	24.53	21.28
30	5	8	No	19.96	10.31
30	5	8	Yes	20.53	22.41
30	10	2	No	7.10	6.18
30	10	2	Yes	36.35	39.64
30	10	4	No	7.40	5.58
30	10	4	Yes	26.63	28.32
30	10	8	No	35.00	9.97
30	10	8	Yes	26.40	26.58
30	20	2	No	13.13	7.33
30	20	2	Yes	58.53	48.38
30	20	4	No	14.74	5.36
30	20	4	Yes	48.12	39.73
30	20	8	No	20.17	11.30
30	20	8	Yes	32.89	31.67
30	30	2	No	25.48	19.77
30	30	2	Yes	65.63	60.14
30	30	4	No	17.43	9.71
30	30	4	Yes	60.68	46.03
30	30	8	No	24.67	18.55
30	30	8	Yes	51.17	39.18
30	40	2	No	44.26	23.86
30	40	2	Yes	88.20	67.49
30	40	4	No	22.73	13.64
30	40	4	Yes	85.35	53.11
30	40	8	No	40.63	22.54
30	40	8	Yes	86.66	45.46
45	5	2	No	5.94	3.18
45	5	2	Yes	25.76	21.63
45	5	4	No	9.34	7.07
45	5	4	Yes	32.78	25.04
45	5	8	No	27.20	12.75
45	5	8	Yes	28.88	29.46
45	10	2	No	10.87	7.82
45	10	2	Yes	48.49	47.60
45	10	4	No	11.82	7.45
45	10	4	Yes	38.68	38.72
45	10	8	No	48.02	15.36
45	10	8	Yes	39.71	35.50
45	20	2	No	17.22	10.41
45	20	2	Yes	72.35	57.66
45	20	4	No	18.55	8.77
45	20	4	Yes	64.70	48.61
45	20	8	No	27.19	16.43
45	20	8	Yes	51.95	42.02
45	30	2	No	41.81	30.20
45	30	2	Yes	78.43	69.11
45	30	4	No	25.43	15.03
45	30	4	Yes	73.49	56.04
45	30	8	No	38.34	29.31
45	30	8	Yes	70.72	49.77
45	40	2	No	65.97	37.18
45	40	2	Yes	97.95	76.42
45	40	4	No	32.91	17.92
45	40	4	Yes	97.84	64.68
45	40	8	No	54.45	37.20
45	40	8	Yes	98.74	58.29
60	5	2	No	9.18	5.15
60	5	2	Yes	32.68	26.01
60	5	4	No	12.45	13.98
60	5	4	Yes	39.72	30.93
60	5	8	No	37.26	18.11
60	5	8	Yes	39.73	37.71
60	10	2	No	15.68	12.37
60	10	2	Yes	57.80	56.08
60	10	4	No	16.38	12.20
60	10	4	Yes	46.85	44.34
60	10	8	No	60.25	21.94
60	10	8	Yes	49.37	44.22
60	20	2	No	21.53	13.23
60	20	2	Yes	87.40	64.12
60	20	4	No	25.22	16.24
60	20	4	Yes	78.88	56.73
60	20	8	No	36.98	29.74
60	20	8	Yes	60.99	51.84
60	30	2	No	57.96	38.00
60	30	2	Yes	87.90	74.48
60	30	4	No	35.51	20.87
60	30	4	Yes	85.06	64.23
60	30	8	No	54.09	37.88
60	30	8	Yes	84.37	59.96
60	40	2	No	80.41	46.05
60	40	2	Yes	100.00	78.57
60	40	4	No	44.95	24.10
60	40	4	Yes	98.76	68.96
60	40	8	No	70.73	45.27
60	40	8	Yes	98.85	66.06
90	5	2	No	14.49	11.33
90	5	2	Yes	45.45	29.77
90	5	4	No	19.59	17.74
90	5	4	Yes	52.88	36.90
90	5	8	No	60.47	24.44
90	5	8	Yes	54.25	44.67
90	10	2	No	23.26	18.10
90	10	2	Yes	74.98	67.66
90	10	4	No	25.36	20.98
90	10	4	Yes	67.80	55.25
90	10	8	No	69.35	35.25
90	10	8	Yes	66.40	56.62
90	20	2	No	34.35	19.67
90	20	2	Yes	97.48	72.49
90	20	4	No	39.18	24.00
90	20	4	Yes	90.08	67.16
90	20	8	No	61.02	42.35
90	20	8	Yes	83.06	65.01
90	30	2	No	82.75	54.74
90	30	2	Yes	95.53	80.30
90	30	4	No	52.32	30.51
90	30	4	Yes	97.33	74.88
90	30	8	No	69.04	54.63
90	30	8	Yes	96.47	72.79
90	40	2	No	87.61	58.71
90	40	2	Yes	99.80	81.32
90	40	4	No	65.07	36.02
90	40	4	Yes	99.50	77.68
90	40	8	No	87.43	58.95
90	40	8	Yes	98.87	76.69
120	5	2	No	21.20	16.21
120	5	2	Yes	56.28	35.74
120	5	4	No	27.14	21.12
120	5	4	Yes	64.25	45.74
120	5	8	No	89.94	37.88
120	5	8	Yes	67.48	58.85
120	10	2	No	31.93	24.68
120	10	2	Yes	82.13	74.30
120	10	4	No	34.63	26.64
120	10	4	Yes	80.17	63.61
120	10	8	No	76.41	43.99
120	10	8	Yes	78.66	66.19
120	20	2	No	44.88	27.16
120	20	2	Yes	97.66	75.31
120	20	4	No	51.53	30.28
120	20	4	Yes	98.13	75.03
120	20	8	No	89.95	53.87
120	20	8	Yes	96.42	74.92
120	30	2	No	92.48	66.01
120	30	2	Yes	100.00	83.24
120	30	4	No	66.81	38.63
120	30	4	Yes	99.00	78.38
120	30	8	No	90.96	65.22
120	30	8	Yes	97.03	78.42
120	40	2	No	95.73	68.27
120	40	2	Yes	99.00	81.86
120	40	4	No	80.07	45.41
120	40	4	Yes	100.00	80.39
120	40	8	No	98.21	68.26
120	40	8	Yes	99.80	79.64
150	5	2	No	26.27	22.14
150	5	2	Yes	65.43	39.29
150	5	4	No	34.76	27.77
150	5	4	Yes	72.63	51.26
150	5	8	No	96.45	45.75
150	5	8	Yes	76.74	64.94
150	10	2	No	40.84	26.64
150	10	2	Yes	90.68	79.13
150	10	4	No	45.50	31.98
150	10	4	Yes	93.04	70.04
150	10	8	No	83.69	54.88
150	10	8	Yes	88.37	74.28
150	20	2	No	56.25	34.57
150	20	2	Yes	99.77	78.63
150	20	4	No	63.33	36.70
150	20	4	Yes	99.23	79.57
150	20	8	No	95.44	62.08
150	20	8	Yes	99.33	80.99
150	30	2	No	99.50	71.31
150	30	2	Yes	99.50	83.57
150	30	4	No	78.70	46.10
150	30	4	Yes	100.00	82.06
150	30	8	No	99.26	71.34
150	30	8	Yes	97.42	81.39
150	40	2	No	100.04	70.38
150	40	2	Yes	100.00	81.39
150	40	4	No	90.46	56.55
150	40	4	Yes	100.00	81.42
150	40	8	No	99.00	70.34
150	40	8	Yes	99.50	81.97
180	5	2	No	33.98	28.23
180	5	2	Yes	74.97	40.64
180	5	4	No	44.57	33.31
180	5	4	Yes	80.73	57.57
180	5	8	No	97.82	52.06
180	5	8	Yes	85.39	72.14
180	10	2	No	50.70	35.19
180	10	2	Yes	94.61	84.29
180	10	4	No	53.35	39.36
180	10	4	Yes	97.16	73.19
180	10	8	No	100.00	57.20
180	10	8	Yes	94.11	77.00
180	20	2	No	66.12	33.44
180	20	2	Yes	100.00	76.43
180	20	4	No	72.56	39.76
180	20	4	Yes	100.00	78.86
180	20	8	No	97.26	69.29
180	20	8	Yes	99.00	84.33
180	30	2	No	99.85	73.24
180	30	2	Yes	100.00	83.56
180	30	4	No	87.81	51.93
180	30	4	Yes	100.00	83.10
180	30	8	No	100.00	73.24
180	30	8	Yes	97.57	82.88
180	40	2	No	99.50	70.34
180	40	2	Yes	99.33	81.01
180	40	4	No	92.45	62.57
180	40	4	Yes	99.00	81.93
180	40	8	No	100.00	70.35
180	40	8	Yes	100.00	82.82
210	5	2	No	41.58	33.02
210	5	2	Yes	79.11	44.58
210	5	4	No	50.32	37.79
210	5	4	Yes	87.42	61.36
210	5	8	No	99.63	56.58
210	5	8	Yes	90.84	76.95
210	10	2	No	57.39	40.08
210	10	2	Yes	98.39	87.96
210	10	4	No	60.99	43.67
210	10	4	Yes	100.00	77.63
210	10	8	No	99.99	69.19
210	10	8	Yes	99.19	83.71
210	20	2	No	76.06	45.46
210	20	2	Yes	100.00	81.82
210	20	4	No	82.45	48.77
210	20	4	Yes	100.00	82.50
210	20	8	No	99.24	72.07
210	20	8	Yes	100.00	85.43
210	30	2	No	100.00	73.11
210	30	2	Yes	100.00	82.43
210	30	4	No	91.86	58.98
210	30	4	Yes	99.90	82.95
210	30	8	No	99.00	72.38
210	30	8	Yes	99.54	82.40
210	40	2	No	100.00	69.45
210	40	2	Yes	100.00	79.96
210	40	4	No	96.34	69.47
210	40	4	Yes	100.00	81.94
210	40	8	No	99.00	69.54
210	40	8	Yes	99.85	82.39
240	5	2	No	48.17	35.55
240	5	2	Yes	82.62	43.06
240	5	4	No	56.04	39.44
240	5	4	Yes	89.16	63.59
240	5	8	No	100.00	60.18
240	5	8	Yes	94.65	78.22
240	10	2	No	64.09	44.67
240	10	2	Yes	99.03	86.68
240	10	4	No	68.45	47.83
240	10	4	Yes	100.00	79.11
240	10	8	No	100.00	74.75
240	10	8	Yes	99.42	85.02
240	20	2	No	83.58	47.20
240	20	2	Yes	99.95	79.46
240	20	4	No	87.68	55.26
240	20	4	Yes	99.97	82.41
240	20	8	No	100.00	72.89
240	20	8	Yes	100.00	85.74
240	30	2	No	99.98	71.19
240	30	2	Yes	99.99	82.78
240	30	4	No	95.07	64.10
240	30	4	Yes	100.00	83.82
240	30	8	No	100.00	71.37
240	30	8	Yes	100.00	82.49
240	40	2	No	99.45	66.49
240	40	2	Yes	99.88	79.03
240	40	4	No	98.37	69.44
240	40	4	Yes	100.00	79.06
240	40	8	No	100.00	66.33
240	40	8	Yes	100.00	81.51
