Temperatura	Cp	xIL	XMDEA	XH2O
303.15 	1.63	1	0	0
308.15 	1.642	1	0	0
313.15 	1.651	1	0	0
318.15 	1.662	1	0	0
323.15 	1.672	1	0	0
328.15 	1.681	1	0	0
333.15 	1.689	1	0	0
338.15 	1.697	1	0	0
343.15 	1.71	1	0	0
348.15 	1.72	1	0	0
353.15 	1.729	1	0	0
303.15 	2.283	0	1	0
308.15 	2.308	0	1	0
313.15 	2.333	0	1	0
318.15 	2.358	0	1	0
323.15 	2.392	0	1	0
328.15 	2.417	0	1	0
333.15 	2.442	0	1	0
338.15 	2.476	0	1	0
343.15 	2.501	0	1	0
348.15 	2.526	0	1	0
353.15 	2.551	0	1	0
303.15	4.121	0.087	0.2384	0.6746
303.15	3.844	0.174	0.2384	0.5876
303.15	3.604	0.261	0.2384	0.5006
303.15	3.513	0.348	0.2384	0.4136
303.15	3.82	0.087	0.4768	0.4362
303.15	3.795	0.174	0.4768	0.3492
303.15	3.779	0.261	0.4768	0.2622
303.15	3.754	0.348	0.4768	0.1752
313.15 	4.172	0.087	0.2384	0.6746
313.15 	3.927	0.174	0.2384	0.5876
313.15 	3.679	0.261	0.2384	0.5006
313.15 	3.592	0.348	0.2384	0.4136
313.15 	3.865	0.087	0.4768	0.4362
313.15 	3.85	0.174	0.4768	0.3492
313.15 	3.84	0.261	0.4768	0.2622
313.15 	3.823	0.348	0.4768	0.1752
323.15 	4.218	0.087	0.2384	0.6746
323.15 	3.993	0.174	0.2384	0.5876
323.15 	3.78	0.261	0.2384	0.5006
323.15 	3.682	0.348	0.2384	0.4136
323.15 	3.896	0.087	0.4768	0.4362
323.15 	3.886	0.174	0.4768	0.3492
323.15 	3.873	0.261	0.4768	0.2622
323.15 	3.858	0.348	0.4768	0.1752
333.15 	4.251	0.087	0.2384	0.6746
333.15 	4.035	0.174	0.2384	0.5876
333.15 	3.805	0.261	0.2384	0.5006
333.15 	3.74	0.348	0.2384	0.4136
333.15 	3.93	0.087	0.4768	0.4362
333.15 	3.921	0.174	0.4768	0.3492
333.15 	3.915	0.261	0.4768	0.2622
333.15 	3.892	0.348	0.4768	0.1752
343.15	4.287	0.087	0.2384	0.6746
343.15	4.065	0.174	0.2384	0.5876
343.15	3.842	0.261	0.2384	0.5006
343.15	3.779	0.348	0.2384	0.4136
343.15	3.975	0.087	0.4768	0.4362
343.15	3.964	0.174	0.4768	0.3492
343.15	3.95	0.261	0.4768	0.2622
343.15	3.931	0.348	0.4768	0.1752
353.15	4.291	0.087	0.2384	0.6746
353.15	4.092	0.174	0.2384	0.5876
353.15	3.914	0.261	0.2384	0.5006
353.15	3.814	0.348	0.2384	0.4136
353.15	4.001	0.087	0.4768	0.4362
353.15	3.991	0.174	0.4768	0.3492
353.15	3.986	0.261	0.4768	0.2622
353.15	3.964	0.348	0.4768	0.1752
