number	x1	x2	x3	Temperatura	Densidade(líquido)	Fração	preço 	d_preço	d_viscosidade	viscosidade 	D	mix
1	0	0.2	0.8	303	1.0145	0.0017291749	0.398	0.890979597				yes
2	0	0.15	0.85	303	1.0102	0.0019573994	0.2985	0.8964986599				no
3	0	0.1	0.9	303	1.0059	0.0016708007	0.199	0.9019484651				yes
4	0	0.05	0.95	303	1.0031	0.0018464742	0.0995	0.9073307293				no
5	0	0.2	0.8	323	1.005	0.0016534331	0.398	0.890979597				yes
6	0	0.15	0.85	323	1.0022	0.0014014747	0.2985	0.8964986599				no
7	0	0.1	0.9	323	0.9986	0.0016926894	0.199	0.9019484651				yes
8	0	0.05	0.95	323	0.9952	0.0017100477	0.0995	0.9073307293				no
9	0	0	1	303	0.9956	0.0018976498	0	0.9126471062				yes
10	0	0	1	323	0.988	0.0017653454	0	0.9126471062				yes
11	0.4	0	0.6	323	1.0509	0.0027737647	6.78	0.1455071714				yes
12	0.2	0	0.8	323	1.0159	0.0024358888	3.39	0.6801541417				yes
13	0.1	0	0.9	323	1.0062	0.0019932724	1.695	0.8117760216				no
14	0.05	0	0.95	323	0.9926	0.0018436985	0.8475	0.8651335981				mo
15	0.4	0	0.6	303	1.0525	0.00323219	6.78	0.1455071714				yes
16	0.2	0	0.8	303	1.0197	0.0024005174	3.39	0.6801541417				yes
17	0.1	0	0.9	303	1.0123	0.0024174037	1.695	0.8117760216				no
18	0.05	0	0.95	303	1.0015	0.0022770181	0.8475	0.8651335981				no
19	0.4	0.2	0.4	303	1.0788	0.0036087417	7.178	0				yes
20	0.4	0.1	0.5	303	1.0702	0.0042608463	6.979	0.0788191831				yes
21	0.2	0.2	0.6	303	1.0483	0.0035317172	3.788	0.6424645202				yes
22	0.2	0.1	0.7	303	1.0374	0.0029827609	3.589	0.6617180577				yes
23	0.4	0.2	0.4	323	1.0691	0.0037561825	7.178	0				yes
24	0.4	0.1	0.5	323	1.0662	0.0028772574	6.979	0.0788191831				yes
25	0.2	0.2	0.6	323	1.04	0.0022845318	3.788	0.6424645202				yes
26	0.2	0.1	0.7	323	1.0319	0.0021420793	3.589	0.6617180577				yes

