molaril	molar.mdea	Temperatura
0	2.0980194696	303
0	1.4809549197	303
0	0.9324530976	303
0	0.4416883094	303
0	2.0980194696	323
0	1.4809549197	323
0	0.9324530976	323
0	0.4416883094	323
0	0	303
0	0	323
2.9498525074	0	323
1.1061946903	0	323
0.4916420846	0	323
0.2328830927	0	323
2.9498525074	0	303
1.1061946903	0	303
0.4916420846	0	303
0.2328830927	0	303
4.4247787611	4.1960389392	303
3.5398230088	1.6784155757	303
1.4749262537	2.7973592928	303
1.2642225032	1.1988682684	303
4.4247787611	4.1960389392	323
3.5398230088	1.6784155757	323
1.4749262537	2.7973592928	323
1.2642225032	1.1988682684	323

