xIL	xMDEA	xH2O	Temperatura	molsCO2/kg	Densidade	Preço(R/kg)	Viscosidade(Mpa.s)	Fraction
0	0.2	0.8	303.15	12.5340	1.0145	184.9711	2.2171	0.0544
0	0.15	0.85	303.15	13.9559	1.0102	138.7283	2.1611	0.0432
0	0.1	0.9	303.15	18.0237	1.0059	92.4855	2.1125	0.0355
0	0.05	0.95	303.15	30.2432	1.0031	46.2428	2.0700	0.0284
0	0.2	0.8	323.15	11.1448	1.0050	184.9711	1.6722	0.0483
0	0.15	0.85	323.15	12.7098	1.0022	138.7283	1.6299	0.0393
0	0.1	0.9	323.15	16.1618	0.9986	92.4855	1.5933	0.0318
0	0.05	0.95	323.15	27.6036	0.9952	46.2428	1.5612	0.0259
0	0	1	303.15	0.6761	0.9956	0.0000	2.0324	0.0215
0	0	1	323.15	0.6122	0.9880	0.0000	1.5329	0.0198
0.4	0	0.6	323.15	3.0626	1.0509	6577.2640	1.9427	0.0344
0.2	0	0.8	323.15	5.8590	1.0159	3288.6320	1.6753	0.0257
0.1	0	0.9	323.15	11.6093	1.0062	1644.3160	1.5946	0.0230
0.05	0	0.95	323.15	22.7484	0.9926	822.1580	1.5618	0.0214
0.4	0	0.6	303.15	3.3423	1.0525	6577.2640	2.5757	0.0375
0.2	0	0.8	303.15	6.3199	1.0197	3288.6320	2.2212	0.0277
0.1	0	0.9	303.15	12.3305	1.0123	1644.3160	2.1143	0.0244
0.05	0	0.95	303.15	24.5871	1.0015	822.1580	2.0708	0.0232
0.4	0.2	0.4	303.15	4.4047	1.0788	1007.1291	3.0741	0.1009
0.4	0.1	0.5	303.15	4.2651	1.0702	6669.7495	2.7902	0.0690
0.2	0.2	0.6	303.15	6.5914	1.0483	6762.2351	2.5042	0.0729
0.2	0.1	0.7	303.15	6.3811	1.0374	3381.1175	2.3421	0.0468
0.4	0.2	0.4	323.15	4.0114	1.0691	3473.6031	2.3185	0.0919
0.4	0.1	0.5	323.15	3.5998	1.0662	6669.7495	2.1044	0.0582
0.2	0.2	0.6	323.15	5.8617	1.0400	6762.2351	1.8887	0.0648
0.2	0.1	0.7	323.15	5.9630	1.0319	3381.1175	1.7664	0.0438
