xLI	xMDEA 	xWater 	Temperatura	viscosidade(MPa.s) 
0	0.234	0.766	303.15	2.285
0.111	0.233	0.656	303.15	2.686
0.219	0.231	0.55	303.15	3.211
0.326	0.229	0.445	303.15	3.230
0.431	0.227	0.342	303.15	3.366
0	0.459	0.541	303.15	2.850
0.11	0.464	0.426	303.15	3.174
0.217	0.459	0.324	303.15	3.475
0.323	0.454	0.223	303.15	3.611
0	0.234	0.766	313.15	1.612
0.111	0.233	0.656	313.15	1.924
0.219	0.231	0.55	313.15	2.360
0.326	0.229	0.445	313.15	2.493
0.431	0.227	0.342	313.15	2.754
0	0.459	0.541	313.15	2.238
0.11	0.464	0.426	313.15	2.423
0.217	0.459	0.324	313.15	2.785
0.323	0.454	0.223	313.15	2.995
0	0.234	0.766	333.15	1.418
0.111	0.233	0.656	333.15	1.540
0.219	0.231	0.55	333.15	1.640
0.326	0.229	0.445	333.15	1.757
0.431	0.227	0.342	333.15	1.860
0	0.459	0.541	333.15	1.621
0.11	0.464	0.426	333.15	1.884
0.217	0.459	0.324	333.15	2.075
0.323	0.454	0.223	333.15	2.197
0	0.234	0.766	353.15	1.121
0.111	0.233	0.656	353.15	1.229
0.219	0.231	0.55	353.15	1.325
0.326	0.229	0.445	353.15	1.506
0.431	0.227	0.5342	353.15	1.658
0	0.459	0.541	353.15	1.485
0.11	0.464	0.426	353.15	1.678
0.217	0.459	0.324	353.15	1.755
0.323	0.454	0.223	353.15	1.797
