C(mol/L)	massfractionIL	massfractionH2O	molarfractionIL	Density	surface tension	Viscosity (cP)	Refractive index	IL	Cation	Anion	Temperature(K)	MW	Mwcation	Mwanion	Alkyl-Lenght	MVIL	Density(pure)
0.000	0.000	1.000	0.000	0.997	74.070	0.890	1.332	Water			298.000	18.000				18.052	0.997
0.007	0.001	0.999	0.000	0.997	73.060	0.900	1.334	[BMIM][Cl]	BMIM	Cl	298.000	171.640	136.140	35.500	4.000	172.122	1.104
0.018	0.003	0.997	0.000	0.997	NA	0.920	1.334	[BMIM][Cl]	BMIM	Cl	298.000	171.640	136.140	35.500	4.000	172.105	1.104
0.062	0.011	0.989	0.001	0.999	NA	0.930	1.336	[BMIM][Cl]	BMIM	Cl	298.000	171.640	136.140	35.500	4.000	171.795	1.104
0.292	0.048	0.952	0.005	1.001	69.470	1.030	1.342	[BMIM][Cl]	BMIM	Cl	298.000	171.640	136.140	35.500	4.000	171.469	1.104
0.593	0.093	0.907	0.011	1.005	67.720	1.170	1.345	[BMIM][Cl]	BMIM	Cl	298.000	171.640	136.140	35.500	4.000	170.786	1.104
0.942	0.140	0.860	0.017	1.014	65.330	1.310	1.358	[BMIM][Cl]	BMIM	Cl	298.000	171.640	136.140	35.500	4.000	169.270	1.104
1.473	0.202	0.798	0.026	1.027	63.250	1.770	1.377	[BMIM][Cl]	BMIM	Cl	298.000	171.640	136.140	35.500	4.000	167.128	1.104
1.879	0.244	0.756	0.033	1.036	60.910	2.120	1.390	[BMIM][Cl]	BMIM	Cl	298.000	171.640	136.140	35.500	4.000	165.676	1.104
2.479	0.299	0.701	0.043	1.047	59.170	2.930	1.410	[BMIM][Cl]	BMIM	Cl	298.000	171.640	136.140	35.500	4.000	163.935	1.104
2.921	0.335	0.665	0.050	1.055	58.070	3.920	1.421	[BMIM][Cl]	BMIM	Cl	298.000	171.640	136.140	35.500	4.000	162.692	1.104
3.548	0.379	0.621	0.060	1.064	55.710	7.450	1.440	[BMIM][Cl]	BMIM	Cl	298.000	171.640	136.140	35.500	4.000	161.316	1.104
4.634	0.444	0.556	0.077	1.072	52.200	19.180	1.476	[BMIM][Cl]	BMIM	Cl	298.000	171.640	136.140	35.500	4.000	160.112	1.104
5.502	0.486	0.514	0.090	1.081	51.180	308.930	1.512	[BMIM][Cl]	BMIM	Cl	298.000	171.640	136.140	35.500	4.000	158.779	1.104
0.000	0.000	1.000	0.000	0.997	74.070	0.890	1.332	Water			298.000	18.000				18.052	0.997
0.741	0.138	0.862	0.013	1.033	70.450	1.220	1.360	[BMIM][Br]	BMIM	Br	298.000	216.040	136.140	79.900	4.000	209.159	
1.298	0.220	0.780	0.023	1.061	68.190	1.710	1.377	[BMIM][Br]	BMIM	Br	298.000	216.040	136.140	79.900	4.000	203.638	
2.990	0.393	0.607	0.051	1.140	64.590	3.570	1.438	[BMIM][Br]	BMIM	Br	298.000	216.040	136.140	79.900	4.000	189.492	
3.425	0.426	0.574	0.058	1.164	64.050	4.940	1.451	[BMIM][Br]	BMIM	Br	298.000	216.040	136.140	79.900	4.000	185.585	
4.153	0.474	0.526	0.070	1.209	63.140	8.130	1.478	[BMIM][Br]	BMIM	Br	298.000	216.040	136.140	79.900	4.000	178.708	
4.688	0.504	0.496	0.078	1.224	62.730	14.650	1.499	[BMIM][Br]	BMIM	Br	298.000	216.040	136.140	79.900	4.000	176.532	
5.033	0.522	0.478	0.083	1.238	62.400	23.380	1.511	[BMIM][Br]	BMIM	Br	298.000	216.040	136.140	79.900	4.000	174.451	
5.249	0.532	0.468	0.087	1.244	62.200	35.040	1.521	[BMIM][Br]	BMIM	Br	298.000	216.040	136.140	79.900	4.000	173.652	
5.423	0.540	0.460	0.089	1.253	61.890	45.120	1.526	[BMIM][Br]	BMIM	Br	298.000	216.040	136.140	79.900	4.000	172.418	
5.563	0.547	0.453	0.091	1.261	61.820	80.320	1.531	[BMIM][Br]	BMIM	Br	298.000	216.040	136.140	79.900	4.000	171.270	
5.657	0.551	0.449	0.093	1.264	61.820	104.350	1.533	[BMIM][Br]	BMIM	Br	298.000	216.040	136.140	79.900	4.000	170.864	
5.741	0.554	0.446	0.094	1.269	61.700	161.050	1.537	[BMIM][Br]	BMIM	Br	298.000	216.040	136.140	79.900	4.000	170.285	
0.000	0.000	1.000	0.000	0.997	74.070	0.890	1.332	Water			298.000	18.000				18.052	0.997
0.555	0.095	0.905	0.010	1.023	71.950	1.050	1.348	[EMIM][Br]	EMIM	Br	298.000	188.040	108.140	79.900	2.000	183.758	
1.098	0.171	0.829	0.019	1.049	70.530	1.200	1.365	[EMIM][Br]	EMIM	Br	298.000	188.040	108.140	79.900	2.000	179.342	
1.614	0.233	0.767	0.028	1.080	68.410	1.410	1.382	[EMIM][Br]	EMIM	Br	298.000	188.040	108.140	79.900	2.000	174.192	
2.213	0.294	0.706	0.038	1.105	67.100	3.200	1.399	[EMIM][Br]	EMIM	Br	298.000	188.040	108.140	79.900	2.000	170.187	
2.985	0.360	0.640	0.051	1.150	66.150	5.010	1.421	[EMIM][Br]	EMIM	Br	298.000	188.040	108.140	79.900	2.000	163.570	
3.709	0.412	0.588	0.063	1.183	65.650	8.650	1.444	[EMIM][Br]	EMIM	Br	298.000	188.040	108.140	79.900	2.000	158.938	
4.712	0.470	0.530	0.078	1.238	63.880	12.430	1.476	[EMIM][Br]	EMIM	Br	298.000	188.040	108.140	79.900	2.000	151.841	
5.287	0.499	0.501	0.087	1.262	62.910	15.970	1.493	[EMIM][Br]	EMIM	Br	298.000	188.040	108.140	79.900	2.000	148.954	
6.001	0.531	0.469	0.098	1.299	62.060	29.620	1.517	[EMIM][Br]	EMIM	Br	298.000	188.040	108.140	79.900	2.000	144.735	
6.469	0.550	0.450	0.105	1.314	61.740	55.390	1.534	[EMIM][Br]	EMIM	Br	298.000	188.040	108.140	79.900	2.000	143.159	
6.795	0.562	0.438	0.109	1.329	61.340	98.700	1.544	[EMIM][Br]	EMIM	Br	298.000	188.040	108.140	86.800	2.000	141.532	
0.000	0.000	1.000	0.000	0.997	74.070	0.890		Water			298.000	18.000				18.052	0.997
0.152	0.029	0.971	0.003	1.002	63.500	0.950		[EMIM][BF4]	EMIM	BF4	298.000	194.940	108.140	86.800	2.000	194.629	1.280
0.203	0.038	0.962	0.004	1.001	60.450	0.970		[EMIM][BF4]	EMIM	BF4	298.000	194.940	108.140	86.800	2.000	194.706	1.280
0.324	0.060	0.940	0.006	1.008	57.410	1.020		[EMIM][BF4]	EMIM	BF4	298.000	194.940	108.140	86.800	2.000	193.470	1.280
0.540	0.096	0.904	0.010	1.015	53.340	1.110		[EMIM][BF4]	EMIM	BF4	298.000	194.940	108.140	86.800	2.000	192.116	1.280
0.932	0.154	0.846	0.017	1.027	49.390	1.270		[EMIM][BF4]	EMIM	BF4	298.000	194.940	108.140	86.800	2.000	189.778	1.280
1.268	0.199	0.801	0.022	1.039	48.660	1.460		[EMIM][BF4]	EMIM	BF4	298.000	194.940	108.140	86.800	2.000	187.695	1.280
1.452	0.221	0.779	0.026	1.045	47.900	1.580		[EMIM][BF4]	EMIM	BF4	298.000	194.940	108.140	86.800	2.000	186.635	1.280
2.122	0.293	0.707	0.037	1.067	47.480	2.170		[EMIM][BF4]	EMIM	BF4	298.000	194.940	108.140	86.800	2.000	182.733	1.280
2.531	0.331	0.669	0.044	1.080	47.000	2.690		[EMIM][BF4]	EMIM	BF4	298.000	194.940	108.140	86.800	2.000	180.450	1.280
3.108	0.378	0.622	0.053	1.100	46.420	3.700		[EMIM][BF4]	EMIM	BF4	298.000	194.940	108.140	86.800	2.000	177.283	1.280
3.690	0.419	0.581	0.062	1.120	46.480	5.540		[EMIM][BF4]	EMIM	BF4	298.000	194.940	108.140	86.800	2.000	174.131	1.280
4.319	0.458	0.542	0.072	1.139	46.330	10.510		[EMIM][BF4]	EMIM	BF4	298.000	194.940	108.140	86.800	2.000	171.165	1.280
4.670	0.477	0.523	0.078	1.154	46.120	18.350		[EMIM][BF4]	EMIM	BF4	298.000	194.940	108.140	86.800	2.000	168.867	1.280
4.842	0.486	0.514	0.080	1.160	46.530	27.770		[EMIM][BF4]	EMIM	BF4	298.000	194.940	108.140	86.800	2.000	168.052	1.280
5.181	0.503	0.497	0.086	1.171	45.740	153.780		[EMIM][BF4]	EMIM	BF4	298.000	194.940	108.140	86.800	2.000	166.459	1.280
44.480	0.898	0.102	0.445	1.025	63.980			[C2][Br]	C2amm	Br	298.000	198.101	118.201	79.900	2.000	193.269	
25.010	0.832	0.168	0.311	1.012	65.230			[C2][Br]	C2amm	Br	298.000	198.101	118.201	79.900	2.000	195.713	
10.140	0.668	0.332	0.155	1.003	66.970			[C2][Br]	C2amm	Br	298.000	198.101	118.201	79.900	2.000	197.587	
0.000	0.000	1.000	0.000	0.997	71.850			water			298.000	18.000				18.047	0.997
45.310	0.903	0.097	0.450	1.013	49.000			[C2][BF4]	C2amm	BF4	298.000	205.001	118.201	86.800	2.000	202.430	
24.870	0.836	0.164	0.310	1.006	53.070			[C2][BF4]	C2amm	BF4	298.000	205.001	118.201	86.800	2.000	203.758	
10.080	0.675	0.325	0.154	1.003	61.790			[C2][BF4]	C2amm	BF4	298.000	205.001	118.201	86.800	2.000	204.388	
30.110	0.888	0.112	0.352	1.029	45.300			[C2][PF6]	C2amm	PF6	298.000	263.161	118.201	144.960	2.000	255.670	
14.550	0.793	0.207	0.208	1.015	56.300			[C2][PF6]	C2amm	PF6	298.000	263.161	118.201	144.960	2.000	259.221	
10.060	0.726	0.274	0.154	1.008	61.800			[C2][PF6]	C2amm	PF6	298.000	263.161	118.201	144.960	2.000	261.176	
44.870	0.886	0.114	0.447	1.013	48.230			C2N(CN)2	C2amm	N(CN)2	298.000	172.231	118.201	54.030	2.000	170.054	
25.270	0.814	0.186	0.313	1.008	56.800			C2N(CN)2	C2amm	N(CN)2	298.000	172.231	118.201	54.030	2.000	170.881	
10.010	0.634	0.366	0.153	1.002	66.900			C2N(CN)2	C2amm	N(CN)2	298.000	172.231	118.201	54.030	2.000	171.956	
51.010	0.916	0.084	0.479	1.019	47.720			C3Br	C3amm	Br	298.000	212.101	132.201	79.900	3.000	208.146	
25.130	0.842	0.158	0.312	1.008	48.300			C3Br	C3amm	Br	298.000	212.101	132.201	79.900	3.000	210.334	
11.580	0.711	0.289	0.173	1.008	51.990			C3Br	C3amm	Br	298.000	212.101	132.201	79.900	3.000	210.439	
44.980	0.911	0.089	0.448	1.010	34.590			C4Br	C4amm	Br	298.000	226.101	146.201	79.900	4.000	223.885	
24.940	0.850	0.150	0.310	1.003	40.010			C4Br	C4amm	Br	298.000	226.101	146.201	79.900	4.000	225.380	
9.910	0.692	0.308	0.152	0.999	46.720			C4Br	C4amm	Br	298.000	226.101	146.201	79.900	4.000	226.282	
45.140	0.919	0.081	0.449	0.963	35.350			C6Br	C6amm	Br	298.000	250.101	170.201	79.900	6.000	259.764	
25.050	0.863	0.137	0.311	0.979	39.240			C6Br	C6amm	Br	298.000	250.101	170.201	79.900	6.000	255.596	
10.400	0.723	0.277	0.158	0.985	48.070			C6Br	C6amm	Br	298.000	250.101	170.201	79.900	6.000	253.858	
NA	1.000	0.000	1.0000	1.2296				[emim][EtSO4]	EMIM	[EtSO4]	298.000	233.250	108.140	125.110	2.000	189.696	1.2296
NA	0.996	0.004	0.9497	1.2290				[emim][EtSO4]	EMIM	[EtSO4]	298.000	233.250	108.140	125.110	2.000	189.788	1.2296
39.217	0.992	0.008	0.9017	1.2279				[emim][EtSO4]	EMIM	[EtSO4]	298.000	233.250	108.140	125.110	2.000	189.958	1.2296
24.322	0.987	0.013	0.8505	1.2269				[emim][EtSO4]	EMIM	[EtSO4]	298.000	233.250	108.140	125.110	2.000	190.113	1.2296
17.144	0.981	0.019	0.8004	1.2262				[emim][EtSO4]	EMIM	[EtSO4]	298.000	233.250	108.140	125.110	2.000	190.222	1.2296
12.792	0.975	0.025	0.7495	1.2247				[emim][EtSO4]	EMIM	[EtSO4]	298.000	233.250	108.140	125.110	2.000	190.455	1.2296
9.980	0.968	0.032	0.7001	1.2231				[emim][EtSO4]	EMIM	[EtSO4]	298.000	233.250	108.140	125.110	2.000	190.704	1.2296
7.926	0.960	0.040	0.6496	1.2218				[emim][EtSO4]	EMIM	[EtSO4]	298.000	233.250	108.140	125.110	2.000	190.907	1.2296
6.448	0.951	0.049	0.6013	1.2201				[emim][EtSO4]	EMIM	[EtSO4]	298.000	233.250	108.140	125.110	2.000	191.173	1.2296
5.215	0.940	0.060	0.5495	1.2180				[emim][EtSO4]	EMIM	[EtSO4]	298.000	233.250	108.140	125.110	2.000	191.502	1.2296
4.286	0.929	0.071	0.5006	1.2154				[emim][EtSO4]	EMIM	[EtSO4]	298.000	233.250	108.140	125.110	2.000	191.912	1.2296
3.505	0.914	0.086	0.4505	1.2123				[emim][EtSO4]	EMIM	[EtSO4]	298.000	233.250	108.140	125.110	2.000	192.403	1.2296
2.850	0.896	0.104	0.4000	1.2087				[emim][EtSO4]	EMIM	[EtSO4]	298.000	233.250	108.140	125.110	2.000	192.976	1.2296
2.298	0.874	0.126	0.3496	1.2038				[emim][EtSO4]	EMIM	[EtSO4]	298.000	233.250	108.140	125.110	2.000	193.761	1.2296
1.833	0.847	0.153	0.3001	1.1983				[emim][EtSO4]	EMIM	[EtSO4]	298.000	233.250	108.140	125.110	2.000	194.651	1.2296
1.424	0.812	0.188	0.2498	1.1900				[emim][EtSO4]	EMIM	[EtSO4]	298.000	233.250	108.140	125.110	2.000	196.008	1.2296
1.069	0.764	0.236	0.2000	1.1789				[emim][EtSO4]	EMIM	[EtSO4]	298.000	233.250	108.140	125.110	2.000	197.854	1.2296
0.755	0.696	0.304	0.1501	1.1634				[emim][EtSO4]	EMIM	[EtSO4]	298.000	233.250	108.140	125.110	2.000	200.490	1.2296
0.475	0.590	0.410	0.1000	1.1366				[emim][EtSO4]	EMIM	[EtSO4]	298.000	233.250	108.140	125.110	2.000	205.217	1.2296
0.273	0.453	0.547	0.060	1.0964				[emim][EtSO4]	EMIM	[EtSO4]	298.000	233.250	108.140	125.110	2.000	212.742	1.2296
NA	1.000	0.000	1.0000	1.2430				[emim][EtSO4]	EMIM	[EtSO4]	278.000	233.250	108.140	125.110	2.000	187.651	1.2430
80.720	0.996	0.004	0.9497	1.2426				[emim][EtSO4]	EMIM	[EtSO4]	278.000	233.250	108.140	125.110	2.000	187.711	1.2430
39.217	0.992	0.008	0.9017	1.2416				[emim][EtSO4]	EMIM	[EtSO4]	278.000	233.250	108.140	125.110	2.000	187.862	1.2430
24.322	0.987	0.013	0.8505	1.2402				[emim][EtSO4]	EMIM	[EtSO4]	278.000	233.250	108.140	125.110	2.000	188.075	1.2430
17.144	0.981	0.019	0.8004	1.2392				[emim][EtSO4]	EMIM	[EtSO4]	278.000	233.250	108.140	125.110	2.000	188.226	1.2430
12.792	0.975	0.025	0.7495	1.2383				[emim][EtSO4]	EMIM	[EtSO4]	278.000	233.250	108.140	125.110	2.000	188.363	1.2430
9.980	0.968	0.032	0.7001	1.2367				[emim][EtSO4]	EMIM	[EtSO4]	278.000	233.250	108.140	125.110	2.000	188.607	1.2430
7.926	0.960	0.040	0.6496	1.2356				[emim][EtSO4]	EMIM	[EtSO4]	278.000	233.250	108.140	125.110	2.000	188.775	1.2430
6.448	0.951	0.049	0.6013	1.2334				[emim][EtSO4]	EMIM	[EtSO4]	278.000	233.250	108.140	125.110	2.000	189.111	1.2430
5.215	0.940	0.060	0.5495	1.2311				[emim][EtSO4]	EMIM	[EtSO4]	278.000	233.250	108.140	125.110	2.000	189.465	1.2430
4.286	0.929	0.071	0.5006	1.2287				[emim][EtSO4]	EMIM	[EtSO4]	278.000	233.250	108.140	125.110	2.000	189.835	1.2430
3.505	0.914	0.086	0.4505	1.2258				[emim][EtSO4]	EMIM	[EtSO4]	278.000	233.250	108.140	125.110	2.000	190.284	1.2430
2.850	0.896	0.104	0.4000	1.2221				[emim][EtSO4]	EMIM	[EtSO4]	278.000	233.250	108.140	125.110	2.000	190.860	1.2430
2.298	0.874	0.126	0.3496	1.2172				[emim][EtSO4]	EMIM	[EtSO4]	278.000	233.250	108.140	125.110	2.000	191.628	1.2430
1.833	0.847	0.153	0.3001	1.2115				[emim][EtSO4]	EMIM	[EtSO4]	278.000	233.250	108.140	125.110	2.000	192.530	1.2430
1.424	0.812	0.188	0.2498	1.2032				[emim][EtSO4]	EMIM	[EtSO4]	278.000	233.250	108.140	125.110	2.000	193.858	1.2430
1.069	0.764	0.236	0.2000	1.1924				[emim][EtSO4]	EMIM	[EtSO4]	278.000	233.250	108.140	125.110	2.000	195.614	1.2430
0.755	0.696	0.304	0.1501	1.1764				[emim][EtSO4]	EMIM	[EtSO4]	278.000	233.250	108.140	125.110	2.000	198.274	1.2430
0.475	0.590	0.410	0.1000	1.1492				[emim][EtSO4]	EMIM	[EtSO4]	278.000	233.250	108.140	125.110	2.000	202.967	1.2430
0.273	0.453	0.547	0.060	1.1072				[emim][EtSO4]	EMIM	[EtSO4]	278.000	233.250	108.140	125.110	2.000	210.667	1.2430
NA	1.000	0.000	1.0000	1.2362				[emim][EtSO4]	EMIM	[EtSO4]	288.000	233.250	108.140	125.110	2.000	188.683	1.2362
80.720	0.996	0.004	0.9497	1.2355				[emim][EtSO4]	EMIM	[EtSO4]	288.000	233.250	108.140	125.110	2.000	188.790	1.2362
39.217	0.992	0.008	0.9017	1.2347				[emim][EtSO4]	EMIM	[EtSO4]	288.000	233.250	108.140	125.110	2.000	188.912	1.2362
24.322	0.987	0.013	0.8505	1.2335				[emim][EtSO4]	EMIM	[EtSO4]	288.000	233.250	108.140	125.110	2.000	189.096	1.2362
17.144	0.981	0.019	0.8004	1.2327				[emim][EtSO4]	EMIM	[EtSO4]	288.000	233.250	108.140	125.110	2.000	189.219	1.2362
12.792	0.975	0.025	0.7495	1.2311				[emim][EtSO4]	EMIM	[EtSO4]	288.000	233.250	108.140	125.110	2.000	189.465	1.2362
9.980	0.968	0.032	0.7001	1.2298				[emim][EtSO4]	EMIM	[EtSO4]	288.000	233.250	108.140	125.110	2.000	189.665	1.2362
7.926	0.960	0.040	0.6496	1.2285				[emim][EtSO4]	EMIM	[EtSO4]	288.000	233.250	108.140	125.110	2.000	189.866	1.2362
6.448	0.951	0.049	0.6013	1.2266				[emim][EtSO4]	EMIM	[EtSO4]	288.000	233.250	108.140	125.110	2.000	190.160	1.2362
5.215	0.940	0.060	0.5495	1.2244				[emim][EtSO4]	EMIM	[EtSO4]	288.000	233.250	108.140	125.110	2.000	190.501	1.2362
4.286	0.929	0.071	0.5006	1.2220				[emim][EtSO4]	EMIM	[EtSO4]	288.000	233.250	108.140	125.110	2.000	190.876	1.2362
3.505	0.914	0.086	0.4505	1.2191				[emim][EtSO4]	EMIM	[EtSO4]	288.000	233.250	108.140	125.110	2.000	191.330	1.2362
2.850	0.896	0.104	0.4000	1.2153				[emim][EtSO4]	EMIM	[EtSO4]	288.000	233.250	108.140	125.110	2.000	191.928	1.2362
2.298	0.874	0.126	0.3496	1.2107				[emim][EtSO4]	EMIM	[EtSO4]	288.000	233.250	108.140	125.110	2.000	192.657	1.2362
1.833	0.847	0.153	0.3001	1.2047				[emim][EtSO4]	EMIM	[EtSO4]	288.000	233.250	108.140	125.110	2.000	193.617	1.2362
1.424	0.812	0.188	0.2498	1.1968				[emim][EtSO4]	EMIM	[EtSO4]	288.000	233.250	108.140	125.110	2.000	194.895	1.2362
1.069	0.764	0.236	0.2000	1.1857				[emim][EtSO4]	EMIM	[EtSO4]	288.000	233.250	108.140	125.110	2.000	196.719	1.2362
0.755	0.696	0.304	0.1501	1.1699				[emim][EtSO4]	EMIM	[EtSO4]	288.000	233.250	108.140	125.110	2.000	199.376	1.2362
0.475	0.590	0.410	0.1000	1.1429				[emim][EtSO4]	EMIM	[EtSO4]	288.000	233.250	108.140	125.110	2.000	204.086	1.2362
0.273	0.453	0.547	0.060	1.1018				[emim][EtSO4]	EMIM	[EtSO4]	288.000	233.250	108.140	125.110	2.000	211.699	1.2362
NA	1.000	0.000	1.0000	1.2230				[emim][EtSO4]	EMIM	[EtSO4]	308.000	233.250	108.140	125.110	2.000	190.720	1.223
80.720	0.996	0.004	0.9497	1.2226				[emim][EtSO4]	EMIM	[EtSO4]	308.000	233.250	108.140	125.110	2.000	190.782	1.223
39.217	0.992	0.008	0.9017	1.2216				[emim][EtSO4]	EMIM	[EtSO4]	308.000	233.250	108.140	125.110	2.000	190.938	1.223
24.322	0.987	0.013	0.8505	1.2205				[emim][EtSO4]	EMIM	[EtSO4]	308.000	233.250	108.140	125.110	2.000	191.110	1.223
17.144	0.981	0.019	0.8004	1.2195				[emim][EtSO4]	EMIM	[EtSO4]	308.000	233.250	108.140	125.110	2.000	191.267	1.223
12.792	0.975	0.025	0.7495	1.2183				[emim][EtSO4]	EMIM	[EtSO4]	308.000	233.250	108.140	125.110	2.000	191.455	1.223
9.980	0.968	0.032	0.7001	1.2166				[emim][EtSO4]	EMIM	[EtSO4]	308.000	233.250	108.140	125.110	2.000	191.723	1.223
7.926	0.960	0.040	0.6496	1.2153				[emim][EtSO4]	EMIM	[EtSO4]	308.000	233.250	108.140	125.110	2.000	191.928	1.223
6.448	0.951	0.049	0.6013	1.2134				[emim][EtSO4]	EMIM	[EtSO4]	308.000	233.250	108.140	125.110	2.000	192.228	1.223
5.215	0.940	0.060	0.5495	1.2112				[emim][EtSO4]	EMIM	[EtSO4]	308.000	233.250	108.140	125.110	2.000	192.578	1.223
4.286	0.929	0.071	0.5006	1.2088				[emim][EtSO4]	EMIM	[EtSO4]	308.000	233.250	108.140	125.110	2.000	192.960	1.223
3.505	0.914	0.086	0.4505	1.2058				[emim][EtSO4]	EMIM	[EtSO4]	308.000	233.250	108.140	125.110	2.000	193.440	1.223
2.850	0.896	0.104	0.4000	1.2020				[emim][EtSO4]	EMIM	[EtSO4]	308.000	233.250	108.140	125.110	2.000	194.052	1.223
2.298	0.874	0.126	0.3496	1.1974				[emim][EtSO4]	EMIM	[EtSO4]	308.000	233.250	108.140	125.110	2.000	194.797	1.223
1.833	0.847	0.153	0.3001	1.1915				[emim][EtSO4]	EMIM	[EtSO4]	308.000	233.250	108.140	125.110	2.000	195.762	1.223
1.424	0.812	0.188	0.2498	1.1833				[emim][EtSO4]	EMIM	[EtSO4]	308.000	233.250	108.140	125.110	2.000	197.118	1.223
1.069	0.764	0.236	0.2000	1.1724				[emim][EtSO4]	EMIM	[EtSO4]	308.000	233.250	108.140	125.110	2.000	198.951	1.223
0.755	0.696	0.304	0.1501	1.1568				[emim][EtSO4]	EMIM	[EtSO4]	308.000	233.250	108.140	125.110	2.000	201.634	1.223
0.475	0.590	0.410	0.1000	1.1303				[emim][EtSO4]	EMIM	[EtSO4]	308.000	233.250	108.140	125.110	2.000	206.361	1.223
0.273	0.453	0.547	0.060	1.0908				[emim][EtSO4]	EMIM	[EtSO4]	308.000	233.250	108.140	125.110	2.000	213.834	1.223
NA	1.000	0.000	1.0000	1.2162				[emim][EtSO4]	EMIM	[EtSO4]	318.000	233.250	108.140	125.110	2.000	191.786	1.2162
80.720	0.996	0.004	0.9497	1.2162				[emim][EtSO4]	EMIM	[EtSO4]	318.000	233.250	108.140	125.110	2.000	191.786	1.2162
39.217	0.992	0.008	0.9017	1.2151				[emim][EtSO4]	EMIM	[EtSO4]	318.000	233.250	108.140	125.110	2.000	191.960	1.2162
24.322	0.987	0.013	0.8505	1.2139				[emim][EtSO4]	EMIM	[EtSO4]	318.000	233.250	108.140	125.110	2.000	192.149	1.2162
17.144	0.981	0.019	0.8004	1.2130				[emim][EtSO4]	EMIM	[EtSO4]	318.000	233.250	108.140	125.110	2.000	192.292	1.2162
12.792	0.975	0.025	0.7495	1.2117				[emim][EtSO4]	EMIM	[EtSO4]	318.000	233.250	108.140	125.110	2.000	192.498	1.2162
9.980	0.968	0.032	0.7001	1.2101				[emim][EtSO4]	EMIM	[EtSO4]	318.000	233.250	108.140	125.110	2.000	192.753	1.2162
7.926	0.960	0.040	0.6496	1.2087				[emim][EtSO4]	EMIM	[EtSO4]	318.000	233.250	108.140	125.110	2.000	192.976	1.2162
6.448	0.951	0.049	0.6013	1.2068				[emim][EtSO4]	EMIM	[EtSO4]	318.000	233.250	108.140	125.110	2.000	193.280	1.2162
5.215	0.940	0.060	0.5495	1.2046				[emim][EtSO4]	EMIM	[EtSO4]	318.000	233.250	108.140	125.110	2.000	193.633	1.2162
4.286	0.929	0.071	0.5006	1.2022				[emim][EtSO4]	EMIM	[EtSO4]	318.000	233.250	108.140	125.110	2.000	194.019	1.2162
3.505	0.914	0.086	0.4505	1.1994				[emim][EtSO4]	EMIM	[EtSO4]	318.000	233.250	108.140	125.110	2.000	194.472	1.2162
2.850	0.896	0.104	0.4000	1.1956				[emim][EtSO4]	EMIM	[EtSO4]	318.000	233.250	108.140	125.110	2.000	195.090	1.2162
2.298	0.874	0.126	0.3496	1.1908				[emim][EtSO4]	EMIM	[EtSO4]	318.000	233.250	108.140	125.110	2.000	195.877	1.2162
1.833	0.847	0.153	0.3001	1.1847				[emim][EtSO4]	EMIM	[EtSO4]	318.000	233.250	108.140	125.110	2.000	196.885	1.2162
1.424	0.812	0.188	0.2498	1.1766				[emim][EtSO4]	EMIM	[EtSO4]	318.000	233.250	108.140	125.110	2.000	198.241	1.2162
1.069	0.764	0.236	0.2000	1.1656				[emim][EtSO4]	EMIM	[EtSO4]	318.000	233.250	108.140	125.110	2.000	200.112	1.2162
0.755	0.696	0.304	0.1501	1.1500				[emim][EtSO4]	EMIM	[EtSO4]	318.000	233.250	108.140	125.110	2.000	202.826	1.2162
0.475	0.590	0.410	0.1000	1.1244				[emim][EtSO4]	EMIM	[EtSO4]	318.000	233.250	108.140	125.110	2.000	207.444	1.2162
NA	1.000	0.000	1.0000	1.2099				[emim][EtSO4]	EMIM	[EtSO4]	328.000	233.250	108.140	125.110	2.000	192.785	1.2099
80.720	0.996	0.004	0.9497	1.2098				[emim][EtSO4]	EMIM	[EtSO4]	328.000	233.250	108.140	125.110	2.000	192.800	1.2099
39.217	0.992	0.008	0.9017	1.2086				[emim][EtSO4]	EMIM	[EtSO4]	328.000	233.250	108.140	125.110	2.000	192.992	1.2099
24.322	0.987	0.013	0.8505	1.2075				[emim][EtSO4]	EMIM	[EtSO4]	328.000	233.250	108.140	125.110	2.000	193.168	1.2099
17.144	0.981	0.019	0.8004	1.2066				[emim][EtSO4]	EMIM	[EtSO4]	328.000	233.250	108.140	125.110	2.000	193.312	1.2099
12.792	0.975	0.025	0.7495	1.2053				[emim][EtSO4]	EMIM	[EtSO4]	328.000	233.250	108.140	125.110	2.000	193.520	1.2099
9.980	0.968	0.032	0.7001	1.2038				[emim][EtSO4]	EMIM	[EtSO4]	328.000	233.250	108.140	125.110	2.000	193.761	1.2099
7.926	0.960	0.040	0.6496	1.2024				[emim][EtSO4]	EMIM	[EtSO4]	328.000	233.250	108.140	125.110	2.000	193.987	1.2099
6.448	0.951	0.049	0.6013	1.2003				[emim][EtSO4]	EMIM	[EtSO4]	328.000	233.250	108.140	125.110	2.000	194.326	1.2099
5.215	0.940	0.060	0.5495	1.1986				[emim][EtSO4]	EMIM	[EtSO4]	328.000	233.250	108.140	125.110	2.000	194.602	1.2099
4.286	0.929	0.071	0.5006	1.1962				[emim][EtSO4]	EMIM	[EtSO4]	328.000	233.250	108.140	125.110	2.000	194.992	1.2099
3.505	0.914	0.086	0.4505	1.1930				[emim][EtSO4]	EMIM	[EtSO4]	328.000	233.250	108.140	125.110	2.000	195.516	1.2099
2.850	0.896	0.104	0.4000	1.1892				[emim][EtSO4]	EMIM	[EtSO4]	328.000	233.250	108.140	125.110	2.000	196.140	1.2099
2.298	0.874	0.126	0.3496	1.1844				[emim][EtSO4]	EMIM	[EtSO4]	328.000	233.250	108.140	125.110	2.000	196.935	1.2099
1.833	0.847	0.153	0.3001	1.1782				[emim][EtSO4]	EMIM	[EtSO4]	328.000	233.250	108.140	125.110	2.000	197.971	1.2099
1.424	0.812	0.188	0.2498	1.1700				[emim][EtSO4]	EMIM	[EtSO4]	328.000	233.250	108.140	125.110	2.000	199.359	1.2099
1.069	0.764	0.236	0.2000	1.1591				[emim][EtSO4]	EMIM	[EtSO4]	328.000	233.250	108.140	125.110	2.000	201.234	1.2099
0.755	0.696	0.304	0.1501	1.1439				[emim][EtSO4]	EMIM	[EtSO4]	328.000	233.250	108.140	125.110	2.000	203.908	1.2099
0.475	0.590	0.410	0.1000	1.1178				[emim][EtSO4]	EMIM	[EtSO4]	328.000	233.250	108.140	125.110	2.000	208.669	1.2099
NA	1.000	0.000	1.0000	1.2037				[emim][EtSO4]	EMIM	[EtSO4]	338.000	233.250	108.140	125.110	2.000	193.778	1.2037
80.720	0.996	0.004	0.9497	1.2036				[emim][EtSO4]	EMIM	[EtSO4]	338.000	233.250	108.140	125.110	2.000	193.794	1.2037
39.217	0.992	0.008	0.9017	1.2025				[emim][EtSO4]	EMIM	[EtSO4]	338.000	233.250	108.140	125.110	2.000	193.971	1.2037
24.322	0.987	0.013	0.8505	1.2012				[emim][EtSO4]	EMIM	[EtSO4]	338.000	233.250	108.140	125.110	2.000	194.181	1.2037
17.144	0.981	0.019	0.8004	1.2001				[emim][EtSO4]	EMIM	[EtSO4]	338.000	233.250	108.140	125.110	2.000	194.359	1.2037
12.792	0.975	0.025	0.7495	1.1987				[emim][EtSO4]	EMIM	[EtSO4]	338.000	233.250	108.140	125.110	2.000	194.586	1.2037
9.980	0.968	0.032	0.7001	1.1980				[emim][EtSO4]	EMIM	[EtSO4]	338.000	233.250	108.140	125.110	2.000	194.699	1.2037
7.926	0.960	0.040	0.6496	1.1961				[emim][EtSO4]	EMIM	[EtSO4]	338.000	233.250	108.140	125.110	2.000	195.009	1.2037
6.448	0.951	0.049	0.6013	1.1943				[emim][EtSO4]	EMIM	[EtSO4]	338.000	233.250	108.140	125.110	2.000	195.303	1.2037
5.215	0.940	0.060	0.5495	1.1922				[emim][EtSO4]	EMIM	[EtSO4]	338.000	233.250	108.140	125.110	2.000	195.647	1.2037
4.286	0.929	0.071	0.5006	1.1899				[emim][EtSO4]	EMIM	[EtSO4]	338.000	233.250	108.140	125.110	2.000	196.025	1.2037
3.505	0.914	0.086	0.4505	1.1868				[emim][EtSO4]	EMIM	[EtSO4]	338.000	233.250	108.140	125.110	2.000	196.537	1.2037
2.850	0.896	0.104	0.4000	1.1830				[emim][EtSO4]	EMIM	[EtSO4]	338.000	233.250	108.140	125.110	2.000	197.168	1.2037
2.298	0.874	0.126	0.3496	1.1780				[emim][EtSO4]	EMIM	[EtSO4]	338.000	233.250	108.140	125.110	2.000	198.005	1.2037
1.833	0.847	0.153	0.3001	1.1718				[emim][EtSO4]	EMIM	[EtSO4]	338.000	233.250	108.140	125.110	2.000	199.053	1.2037
1.424	0.812	0.188	0.2498	1.1638				[emim][EtSO4]	EMIM	[EtSO4]	338.000	233.250	108.140	125.110	2.000	200.421	1.2037
1.069	0.764	0.236	0.2000	1.1531				[emim][EtSO4]	EMIM	[EtSO4]	338.000	233.250	108.140	125.110	2.000	202.281	1.2037
0.755	0.696	0.304	0.1501	1.1378				[emim][EtSO4]	EMIM	[EtSO4]	338.000	233.250	108.140	125.110	2.000	205.001	1.2037
0.475	0.590	0.410	0.1000	1.1124				[emim][EtSO4]	EMIM	[EtSO4]	338.000	233.250	108.140	125.110	2.000	209.682	1.2037
0.152	0.033	0.967	0.003	1.0012	63.50	0.9523		[BMIM][BF4]	BMIM	BF4	298.000	222.940	136.140	86.800	4.000	222.673	1.190
0.203	0.043	0.957	0.004	1.0016	60.45	0.9694		[BMIM][BF4]	BMIM	BF4	298.000	222.940	136.140	86.800	4.000	222.584	1.190
0.324	0.068	0.932	0.006	1.0076	57.41	1.0171		[BMIM][BF4]	BMIM	BF4	298.000	222.940	136.140	86.800	4.000	221.258	1.190
0.540	0.108	0.892	0.010	1.0147	53.34	1.1053		[BMIM][BF4]	BMIM	BF4	298.000	222.940	136.140	86.800	4.000	219.710	1.190
0.932	0.172	0.828	0.017	1.0272	49.39	1.2708		[BMIM][BF4]	BMIM	BF4	298.000	222.940	136.140	86.800	4.000	217.037	1.190
1.268	0.221	0.779	0.022	1.0386	48.66	1.4563		[BMIM][BF4]	BMIM	BF4	298.000	222.940	136.140	86.800	4.000	214.654	1.190
1.452	0.245	0.755	0.026	1.0445	47.90	1.5780		[BMIM][BF4]	BMIM	BF4	298.000	222.940	136.140	86.800	4.000	213.442	1.190
2.122	0.322	0.678	0.037	1.0668	47.48	2.1747		[BMIM][BF4]	BMIM	BF4	298.000	222.940	136.140	86.800	4.000	208.980	1.190
2.531	0.361	0.639	0.044	1.0803	47.00	2.6878		[BMIM][BF4]	BMIM	BF4	298.000	222.940	136.140	86.800	4.000	206.369	1.190
3.108	0.410	0.590	0.053	1.0996	46.42	3.6955		[BMIM][BF4]	BMIM	BF4	298.000	222.940	136.140	86.800	4.000	202.746	1.190
3.690	0.452	0.548	0.062	1.1195	46.48	5.5375		[BMIM][BF4]	BMIM	BF4	298.000	222.940	136.140	86.800	4.000	199.142	1.190
4.319	0.491	0.509	0.072	1.1389	46.33	10.5124		[BMIM][BF4]	BMIM	BF4	298.000	222.940	136.140	86.800	4.000	195.750	1.190
4.670	0.511	0.489	0.078	1.1544	46.12	18.3470		[BMIM][BF4]	BMIM	BF4	298.000	222.940	136.140	86.800	4.000	193.122	1.190
4.842	0.520	0.480	0.080	1.1600	46.53	27.7697		[BMIM][BF4]	BMIM	BF4	298.000	222.940	136.140	86.800	4.000	192.190	1.190
4.977	0.527	0.473	0.082		37.0188			[BMIM][BF4]	BMIM	BF4	298.000	222.940	136.140	86.800	4.000	NA	1.190
5.066	0.531	0.469	0.084		49.7931			[BMIM][BF4]	BMIM	BF4	298.000	222.940	136.140	86.800	4.000	NA	1.190
5.130	0.534	0.466	0.085		78.1342			[BMIM][BF4]	BMIM	BF4	298.000	222.940	136.140	86.800	4.000	NA	1.190
0.000	0.000	1.000	0.000	0.9970	74.07	0.8904		water			298.000	18.000				18.054	0.997
NA	1.000	0.000	1.000	1.1711	45.74	153.7804		[BMIM][BF4]	BMIM	BF4	298.000	222.940	136.140	86.800	4.000	190.368	1.190
NA	1.000	0.000	1.0000		53.04			[EMIM][BF4]	EMIM	BF4	298.000	194.940	108.140	86.800	2.000	NA	1.280
46.818	0.990	0.010	0.9015		53.25			[EMIM][BF4]	EMIM	BF4	298.000	194.940	108.140	86.800	2.000	NA	1.280
15.628	0.971	0.029	0.7534		53.51			[EMIM][BF4]	EMIM	BF4	298.000	194.940	108.140	86.800	2.000	NA	1.280
7.731	0.942	0.058	0.6018		53.73			[EMIM][BF4]	EMIM	BF4	298.000	194.940	108.140	86.800	2.000	NA	1.280
5.269	0.918	0.082	0.5074		53.88			[EMIM][BF4]	EMIM	BF4	298.000	194.940	108.140	86.800	2.000	NA	1.280
3.426	0.879	0.121	0.4011		54.01			[EMIM][BF4]	EMIM	BF4	298.000	194.940	108.140	86.800	2.000	NA	1.280
2.083	0.815	0.185	0.2894		54.15			[EMIM][BF4]	EMIM	BF4	298.000	194.940	108.140	86.800	2.000	NA	1.280
1.394	0.747	0.253	0.2141		53.80			[EMIM][BF4]	EMIM	BF4	298.000	194.940	108.140	86.800	2.000	NA	1.280
0.845	0.642	0.358	0.1418		54.43			[EMIM][BF4]	EMIM	BF4	298.000	194.940	108.140	86.800	2.000	NA	1.280
0.581	0.552	0.448	0.1020		55.24			[EMIM][BF4]	EMIM	BF4	298.000	194.940	108.140	86.800	2.000	NA	1.280
0.390	0.452	0.548	0.0709		55.92			[EMIM][BF4]	EMIM	BF4	298.000	194.940	108.140	86.800	2.000	NA	1.280
0.260	0.355	0.645	0.0483		57.31			[EMIM][BF4]	EMIM	BF4	298.000	194.940	108.140	86.800	2.000	NA	1.280
0.152	0.243	0.757	0.0288		58.15			[EMIM][BF4]	EMIM	BF4	298.000	194.940	108.140	86.800	2.000	NA	1.280
0.068	0.127	0.873	0.0132		61.91			[EMIM][BF4]	EMIM	BF4	298.000	194.940	108.140	86.800	2.000	NA	1.280
0.064	0.119	0.881	0.0123		62.87			[EMIM][BF4]	EMIM	BF4	298.000	194.940	108.140	86.800	2.000	NA	1.280
0.040	0.078	0.922	0.0077		65.00			[EMIM][BF4]	EMIM	BF4	298.000	194.940	108.140	86.800	2.000	NA	1.280
0.021	0.042	0.958	0.0040		67.38			[EMIM][BF4]	EMIM	BF4	298.000	194.940	108.140	86.800	2.000	NA	1.280
0.000	0.000	1.000	0.0000		71.35			water	EMIM	BF4	298.000	194.940	108.140	86.800	2.000	NA	1.280
NA	1.000	0.000	1.0000		45.33			[BMIM][BF4]	BMIM	BF4	298.000	222.940	136.140	86.800	4.000	NA	1.190
40.481	0.991	0.009	0.9005		45.41			[BMIM][BF4]	BMIM	BF4	298.000	222.940	136.140	86.800	4.000	NA	1.190
17.925	0.980	0.020	0.8003		45.52			[BMIM][BF4]	BMIM	BF4	298.000	222.940	136.140	86.800	4.000	NA	1.190
10.767	0.968	0.032	0.7065		45.68			[BMIM][BF4]	BMIM	BF4	298.000	222.940	136.140	86.800	4.000	NA	1.190
7.702	0.955	0.045	0.6326		45.81			[BMIM][BF4]	BMIM	BF4	298.000	222.940	136.140	86.800	4.000	NA	1.190
5.052	0.933	0.067	0.5304		46.02			[BMIM][BF4]	BMIM	BF4	298.000	222.940	136.140	86.800	4.000	NA	1.190
3.066	0.895	0.105	0.4067		46.32			[BMIM][BF4]	BMIM	BF4	298.000	222.940	136.140	86.800	4.000	NA	1.190
1.883	0.839	0.161	0.2963		46.25			[BMIM][BF4]	BMIM	BF4	298.000	222.940	136.140	86.800	4.000	NA	1.190
1.209	0.770	0.230	0.2128		45.62			[BMIM][BF4]	BMIM	BF4	298.000	222.940	136.140	86.800	4.000	NA	1.190
0.994	0.733	0.267	0.1818		45.91			[BMIM][BF4]	BMIM	BF4	298.000	222.940	136.140	86.800	4.000	NA	1.190
0.974	0.729	0.271	0.1788		46.06			[BMIM][BF4]	BMIM	BF4	298.000	222.940	136.140	86.800	4.000	NA	1.190
0.865	0.706	0.294	0.1621		46.16			[BMIM][BF4]	BMIM	BF4	298.000	222.940	136.140	86.800	4.000	NA	1.190
0.722	0.667	0.333	0.1390		46.22			[BMIM][BF4]	BMIM	BF4	298.000	222.940	136.140	86.800	4.000	NA	1.190
0.542	0.600	0.400	0.1081		46.23			[BMIM][BF4]	BMIM	BF4	298.000	222.940	136.140	86.800	4.000	NA	1.190
0.504	0.583	0.417	0.1013		45.63			[BMIM][BF4]	BMIM	BF4	298.000	222.940	136.140	86.800	4.000	NA	1.190
0.496	0.579	0.421	0.0998		46.19			[BMIM][BF4]	BMIM	BF4	298.000	222.940	136.140	86.800	4.000	NA	1.190
0.388	0.518	0.482	0.0799		45.99			[BMIM][BF4]	BMIM	BF4	298.000	222.940	136.140	86.800	4.000	NA	1.190
0.336	0.482	0.518	0.0698		46.14			[BMIM][BF4]	BMIM	BF4	298.000	222.940	136.140	86.800	4.000	NA	1.190
0.278	0.435	0.565	0.0586		46.25			[BMIM][BF4]	BMIM	BF4	298.000	222.940	136.140	86.800	4.000	NA	1.190
0.234	0.394	0.606	0.0498		46.27			[BMIM][BF4]	BMIM	BF4	298.000	222.940	136.140	86.800	4.000	NA	1.190
0.188	0.343	0.657	0.0404		46.02			[BMIM][BF4]	BMIM	BF4	298.000	222.940	136.140	86.800	4.000	NA	1.190
0.091	0.202	0.798	0.0200		46.93			[BMIM][BF4]	BMIM	BF4	298.000	222.940	136.140	86.800	4.000	NA	1.190
0.042	0.105	0.895	0.0094		50.63			[BMIM][BF4]	BMIM	BF4	298.000	222.940	136.140	86.800	4.000	NA	1.190
0.033	0.085	0.915	0.0074		51.77			[BMIM][BF4]	BMIM	BF4	298.000	222.940	136.140	86.800	4.000	NA	1.190
0.026	0.067	0.933	0.0058		54.34			[BMIM][BF4]	BMIM	BF4	298.000	222.940	136.140	86.800	4.000	NA	1.190
0.018	0.046	0.954	0.0039		57.30			[BMIM][BF4]	BMIM	BF4	298.000	222.940	136.140	86.800	4.000	NA	1.190
0.004	0.012	0.988	0.0010		51.62			[BMIM][BF4]	BMIM	BF4	298.000	222.940	136.140	86.800	4.000	NA	1.190
0.001	0.004	0.996	0.0003		61.50			[BMIM][BF4]	BMIM	BF4	298.000	222.940	136.140	86.800	4.000	NA	1.190
0.000	0.001	0.999	0.0001		61.54			[BMIM][BF4]	BMIM	BF4	298.000	222.940	136.140	86.800	4.000	NA	1.190
0.000	0.000	1.000	0.0000		71.35			[BMIM][BF4]	BMIM	BF4	298.000	222.940	136.140	86.800	4.000	NA	1.190
NA	1.000	0.000	1.0000		37.33			[HMIM][BF4]	HMIM	BF4	298.000	254.070	167.270	86.800	6.000	NA	
35.403	0.992	0.008	0.9002		37.33			[HMIM][BF4]	HMIM	BF4	298.000	254.070	167.270	86.800	6.000	NA	
15.998	0.983	0.017	0.8030		37.35			[HMIM][BF4]	HMIM	BF4	298.000	254.070	167.270	86.800	6.000	NA	
9.411	0.971	0.029	0.7057		37.40			[HMIM][BF4]	HMIM	BF4	298.000	254.070	167.270	86.800	6.000	NA	
6.039	0.956	0.044	0.6061		37.52			[HMIM][BF4]	HMIM	BF4	298.000	254.070	167.270	86.800	6.000	NA	
4.017	0.935	0.065	0.5058		37.65			[HMIM][BF4]	HMIM	BF4	298.000	254.070	167.270	86.800	6.000	NA	
2.682	0.906	0.094	0.4059		37.79			[HMIM][BF4]	HMIM	BF4	298.000	254.070	167.270	86.800	6.000	NA	
1.708	0.860	0.140	0.3032		37.93			[HMIM][BF4]	HMIM	BF4	298.000	254.070	167.270	86.800	6.000	NA	
0.177	0.043	0.957	0.003					[HMIM][BF4]	HMIM	BF4	298.000	254.070	167.270	86.800	6.000	NA	
1.400	0.238	0.762	0.025				1.337	[BMIM][BF4]	BMIM	BF4	298.000	222.940	136.140	86.800	4.000	NA	1.190
1.890	0.297	0.703	0.033				1.367	[BMIM][BF4]	BMIM	BF4	298.000	222.940	136.140	86.800	4.000	NA	1.190
2.080	0.317	0.683	0.036				1.379	[BMIM][BF4]	BMIM	BF4	298.000	222.940	136.140	86.800	4.000	NA	1.190
2.330	0.342	0.658	0.040				1.383	[BMIM][BF4]	BMIM	BF4	298.000	222.940	136.140	86.800	4.000	NA	1.190
2.630	0.370	0.630	0.045				1.389	[BMIM][BF4]	BMIM	BF4	298.000	222.940	136.140	86.800	4.000	NA	1.190
2.860	0.390	0.610	0.049				1.397	[BMIM][BF4]	BMIM	BF4	298.000	222.940	136.140	86.800	4.000	NA	1.190
3.120	0.411	0.589	0.053				1.403	[BMIM][BF4]	BMIM	BF4	298.000	222.940	136.140	86.800	4.000	NA	1.190
3.310	0.425	0.575	0.056				1.408	[BMIM][BF4]	BMIM	BF4	298.000	222.940	136.140	86.800	4.000	NA	1.190
3.540	0.442	0.558	0.060				1.413	[BMIM][BF4]	BMIM	BF4	298.000	222.940	136.140	86.800	4.000	NA	1.190
3.790	0.459	0.541	0.064				1.419	[BMIM][BF4]	BMIM	BF4	298.000	222.940	136.140	86.800	4.000	NA	1.190
4.080	0.477	0.523	0.069				1.425	[BMIM][BF4]	BMIM	BF4	298.000	222.940	136.140	86.800	4.000	NA	1.190
4.410	0.496	0.504	0.074				1.432	[BMIM][BF4]	BMIM	BF4	298.000	222.940	136.140	86.800	4.000	NA	1.190
4.780	0.517	0.483	0.079				1.440	[BMIM][BF4]	BMIM	BF4	298.000	222.940	136.140	86.800	4.000	NA	1.190
5.000	0.528	0.472	0.083				1.449	[BMIM][BF4]	BMIM	BF4	298.000	222.940	136.140	86.800	4.000	NA	1.190
5.060	0.531	0.469	0.084				1.454	[BMIM][BF4]	BMIM	BF4	298.000	222.940	136.140	86.800	4.000	NA	1.190
5.100	0.533	0.467	0.084				1.455	[BMIM][BF4]	BMIM	BF4	298.000	222.940	136.140	86.800	4.000	NA	1.190
5.120	0.534	0.466	0.085				1.458	[BMIM][BF4]	BMIM	BF4	298.000	222.940	136.140	86.800	4.000	NA	1.190
5.140	0.535	0.465	0.085				1.458	[BMIM][BF4]	BMIM	BF4	298.000	222.940	136.140	86.800	4.000	NA	1.190
5.150	0.535	0.465	0.085				1.458	[BMIM][BF4]	BMIM	BF4	298.000	222.940	136.140	86.800	4.000	NA	1.190
5.170	0.536	0.464	0.085				1.460	[BMIM][BF4]	BMIM	BF4	298.000	222.940	136.140	86.800	4.000	NA	1.190
5.190	0.537	0.463	0.086				1.459	[BMIM][BF4]	BMIM	BF4	298.000	222.940	136.140	86.800	4.000	NA	1.190
5.210	0.538	0.462	0.086				1.460	[BMIM][BF4]	BMIM	BF4	298.000	222.940	136.140	86.800	4.000	NA	1.190
5.230	0.539	0.461	0.086				1.459	[BMIM][BF4]	BMIM	BF4	298.000	222.940	136.140	86.800	4.000	NA	1.190
5.250	0.540	0.460	0.087				1.459	[BMIM][BF4]	BMIM	BF4	298.000	222.940	136.140	86.800	4.000	NA	1.190
5.270	0.541	0.459	0.087				1.460	[BMIM][BF4]	BMIM	BF4	298.000	222.940	136.140	86.800	4.000	NA	1.190
5.290	0.542	0.458	0.087				1.460	[BMIM][BF4]	BMIM	BF4	298.000	222.940	136.140	86.800	4.000	NA	1.190
	1.000	0.000	1.000	1.2984		63.190		[bmim][triﬂate]	BMIM	[triflate]	303.000	285.210	136.140	149.070	4.000	219.663	1.2984
	0.993	0.007	0.897	1.2945		45.696		[bmim][triﬂate]	BMIM	[triflate]	303.000	285.210	136.140	149.070	4.000	220.324	1.2984
	0.985	0.015	0.806	1.2912		35.415		[bmim][triﬂate]	BMIM	[triflate]	303.000	285.210	136.140	149.070	4.000	220.888	1.2984
	0.974	0.026	0.701	1.287		28.969		[bmim][triﬂate]	BMIM	[triflate]	303.000	285.210	136.140	149.070	4.000	221.695	1.2984
	0.960	0.040	0.600	1.2808		23.248		[bmim][triﬂate]	BMIM	[triflate]	303.000	285.210	136.140	149.070	4.000	222.681	1.2984
	0.940	0.060	0.499	1.2728		19.187		[bmim][triﬂate]	BMIM	[triflate]	303.000	285.210	136.140	149.070	4.000	224.081	1.2984
	0.916	0.084	0.408	1.2630		15.467		[bmim][triﬂate]	BMIM	[triflate]	303.000	285.210	136.140	149.070	4.000	225.819	1.2984
	0.870	0.130	0.298	1.2462		11.556		[bmim][triﬂate]	BMIM	[triflate]	303.000	285.210	136.140	149.070	4.000	228.864	1.2984
	0.799	0.201	0.201	1.2201		8.2063		[bmim][triﬂate]	BMIM	[triflate]	303.000	285.210	136.140	149.070	4.000	233.760	1.2984
	0.635	0.365	0.099	1.1646		4.5521		[bmim][triﬂate]	BMIM	[triflate]	303.000	285.210	136.140	149.070	4.000	244.900	1.2984
	0.000	1.000	0.000	0.9957		0.7977		water			303.000	18.000				18.078	0.996
	1.000	0.000	1.000	1.2949		51.729		[bmim][triﬂate]	BMIM	[triflate]	308.000	285.210	136.140	149.070	4.000	220.256	1.2949
	0.993	0.007	0.897	1.2910		37.227		[bmim][triﬂate]	BMIM	[triflate]	308.000	285.210	136.140	149.070	4.000	220.922	1.2949
	0.985	0.015	0.806	1.2877		29.270		[bmim][triﬂate]	BMIM	[triflate]	308.000	285.210	136.140	149.070	4.000	221.488	1.2949
	0.974	0.026	0.701	1.2830		24.276		[bmim][triﬂate]	BMIM	[triflate]	308.000	285.210	136.140	149.070	4.000	222.299	1.2949
	0.960	0.040	0.600	1.2773		19.951		[bmim][triﬂate]	BMIM	[triflate]	308.000	285.210	136.140	149.070	4.000	223.291	1.2949
	0.940	0.060	0.499	1.2693		16.805		[bmim][triﬂate]	BMIM	[triflate]	308.000	285.210	136.140	149.070	4.000	224.699	1.2949
	0.916	0.084	0.408	1.2595		13.202		[bmim][triﬂate]	BMIM	[triflate]	308.000	285.210	136.140	149.070	4.000	226.447	1.2949
	0.870	0.130	0.298	1.2425		10.130		[bmim][triﬂate]	BMIM	[triflate]	308.000	285.210	136.140	149.070	4.000	229.545	1.2949
	0.799	0.201	0.201	1.2166		6.9320		[bmim][triﬂate]	BMIM	[triflate]	308.000	285.210	136.140	149.070	4.000	234.432	1.2949
	0.635	0.365	0.099	1.1606		3.8692		[bmim][triﬂate]	BMIM	[triflate]	308.000	285.210	136.140	149.070	4.000	245.744	1.2949
	0.000	1.000	0.000	0.9940		0.7190		water			308.000	18.000				18.109	0.994
	1.000	0.000	1.000	1.2914		42.458		[bmim][triﬂate]	BMIM	[triflate]	313.000	285.210	136.140	149.070	4.000	220.853	1.2914
	0.993	0.007	0.897	1.2875		30.927		[bmim][triﬂate]	BMIM	[triflate]	313.000	285.210	136.140	149.070	4.000	221.522	1.2914
	0.985	0.015	0.806	1.2841		24.463		[bmim][triﬂate]	BMIM	[triflate]	313.000	285.210	136.140	149.070	4.000	222.109	1.2914
	0.974	0.026	0.701	1.2794		20.532		[bmim][triﬂate]	BMIM	[triflate]	313.000	285.210	136.140	149.070	4.000	222.925	1.2914
	0.960	0.040	0.600	1.2738		16.880		[bmim][triﬂate]	BMIM	[triflate]	313.000	285.210	136.140	149.070	4.000	223.905	1.2914
	0.940	0.060	0.499	1.2657		13.948		[bmim][triﬂate]	BMIM	[triflate]	313.000	285.210	136.140	149.070	4.000	225.338	1.2914
	0.916	0.084	0.408	1.2559		11.210		[bmim][triﬂate]	BMIM	[triflate]	313.000	285.210	136.140	149.070	4.000	227.096	1.2914
	0.870	0.130	0.298	1.2388		8.6049		[bmim][triﬂate]	BMIM	[triflate]	313.000	285.210	136.140	149.070	4.000	230.231	1.2914
	0.799	0.201	0.201	1.2129		5.9890		[bmim][triﬂate]	BMIM	[triflate]	313.000	285.210	136.140	149.070	4.000	235.147	1.2914
	0.635	0.365	0.099	1.1567		3.3759		[bmim][triﬂate]	BMIM	[triflate]	313.000	285.210	136.140	149.070	4.000	246.572	1.2914
	0.000	1.000	0.000	0.9922		0.6532		water			313.000	18.000				18.142	0.992
	1.000	0.000	1.000	1.2878		35.174		[bmim][triﬂate]	BMIM	[triflate]	318.000	285.210	136.140	149.070	4.000	221.471	1.2878
	0.993	0.007	0.897	1.2838		25.041		[bmim][triﬂate]	BMIM	[triflate]	318.000	285.210	136.140	149.070	4.000	222.161	1.2878
	0.985	0.015	0.806	1.2804		20.791		[bmim][triﬂate]	BMIM	[triflate]	318.000	285.210	136.140	149.070	4.000	222.751	1.2878
	0.974	0.026	0.701	1.2758		17.549		[bmim][triﬂate]	BMIM	[triflate]	318.000	285.210	136.140	149.070	4.000	223.554	1.2878
	0.960	0.040	0.600	1.2702		14.377		[bmim][triﬂate]	BMIM	[triflate]	318.000	285.210	136.140	149.070	4.000	224.539	1.2878
	0.940	0.060	0.499	1.2620		12.001		[bmim][triﬂate]	BMIM	[triflate]	318.000	285.210	136.140	149.070	4.000	225.998	1.2878
	0.916	0.084	0.408	1.2522		9.9072		[bmim][triﬂate]	BMIM	[triflate]	318.000	285.210	136.140	149.070	4.000	227.767	1.2878
	0.870	0.130	0.298	1.2349		7.4650		[bmim][triﬂate]	BMIM	[triflate]	318.000	285.210	136.140	149.070	4.000	230.958	1.2878
	0.799	0.201	0.201	1.2089		5.3393		[bmim][triﬂate]	BMIM	[triflate]	318.000	285.210	136.140	149.070	4.000	235.925	1.2878
	0.635	0.365	0.099	1.1530		3.1563		[bmim][triﬂate]	BMIM	[triflate]	318.000	285.210	136.140	149.070	4.000	247.363	1.2878
	0.000	1.000	0.000	0.9902		0.6001		water			318.000	18.000				18.178	0.990
	1.000	0.000	1.000	1.2844		29.553		[bmim][triﬂate]	BMIM	[triflate]	323.000	285.210	136.140	149.070	4.000	222.057	1.2844
	0.993	0.007	0.897	1.2803		21.507		[bmim][triﬂate]	BMIM	[triflate]	323.000	285.210	136.140	149.070	4.000	222.768	1.2844
	0.985	0.015	0.806	1.2768		18.108		[bmim][triﬂate]	BMIM	[triflate]	323.000	285.210	136.140	149.070	4.000	223.379	1.2844
	0.974	0.026	0.701	1.2722		15.173		[bmim][triﬂate]	BMIM	[triflate]	323.000	285.210	136.140	149.070	4.000	224.186	1.2844
	0.960	0.040	0.600	1.2665		12.618		[bmim][triﬂate]	BMIM	[triflate]	323.000	285.210	136.140	149.070	4.000	225.195	1.2844
	0.940	0.060	0.499	1.2583		10.423		[bmim][triﬂate]	BMIM	[triflate]	323.000	285.210	136.140	149.070	4.000	226.663	1.2844
	0.916	0.084	0.408	1.2485		8.5157		[bmim][triﬂate]	BMIM	[triflate]	323.000	285.210	136.140	149.070	4.000	228.442	1.2844
	0.870	0.130	0.298	1.2311		6.5763		[bmim][triﬂate]	BMIM	[triflate]	323.000	285.210	136.140	149.070	4.000	231.671	1.2844
	0.799	0.201	0.201	1.2052		4.5704		[bmim][triﬂate]	BMIM	[triflate]	323.000	285.210	136.140	149.070	4.000	236.650	1.2844
	0.635	0.365	0.099	1.1500		3.0054		[bmim][triﬂate]	BMIM	[triflate]	323.000	285.210	136.140	149.070	4.000	248.009	1.2844
	0.000	1.000	0.000	0.9881		0.5470		water	BMIM	[triflate]	323.000	18.000				18.217	0.988
	1.000	0.000	1.000	1.2774		21.609		[bmim][triﬂate]	BMIM	[triflate]	333.000	285.210	136.140	149.070	4.000	223.274	1.2774
	0.993	0.007	0.897	1.2731		16.069		[bmim][triﬂate]	BMIM	[triflate]	333.000	285.210	136.140	149.070	4.000	224.028	1.2774
	0.985	0.015	0.806	1.2697		13.507		[bmim][triﬂate]	BMIM	[triflate]	333.000	285.210	136.140	149.070	4.000	224.628	1.2774
	0.974	0.026	0.701	1.2650		11.613		[bmim][triﬂate]	BMIM	[triflate]	333.000	285.210	136.140	149.070	4.000	225.462	1.2774
	0.960	0.040	0.600	1.2593		9.8800		[bmim][triﬂate]	BMIM	[triflate]	333.000	285.210	136.140	149.070	4.000	226.483	1.2774
	0.940	0.060	0.499	1.2511		8.1008		[bmim][triﬂate]	BMIM	[triflate]	333.000	285.210	136.140	149.070	4.000	227.967	1.2774
	0.916	0.084	0.408	1.2413		6.7021		[bmim][triﬂate]	BMIM	[triflate]	333.000	285.210	136.140	149.070	4.000	229.767	1.2774
	0.870	0.130	0.298	1.2234		5.1369		[bmim][triﬂate]	BMIM	[triflate]	333.000	285.210	136.140	149.070	4.000	233.129	1.2774
	0.799	0.201	0.201	1.1972		3.6181		[bmim][triﬂate]	BMIM	[triflate]	333.000	285.210	136.140	149.070	4.000	238.231	1.2774
	0.635	0.365	0.099	1.1426		2.0992		[bmim][triﬂate]	BMIM	[triflate]	333.000	285.210	136.140	149.070	4.000	249.615	1.2774
	0.000	1.000	0.000	0.9832		0.4665		water			333.000	18.000				18.308	0.9832
	1.000	0.000	1.000	1.2705		16.376		[bmim][triﬂate]	BMIM	[triflate]	333.000	285.210	136.140	149.070	4.000	224.486	1.2705
	0.993	0.007	0.897	1.2660		12.443		[bmim][triﬂate]	BMIM	[triflate]	343.000	285.210	136.140	149.070	4.000	225.284	1.2705
	0.985	0.015	0.806	1.2626		10.545		[bmim][triﬂate]	BMIM	[triflate]	343.000	285.210	136.140	149.070	4.000	225.891	1.2705
	0.974	0.026	0.701	1.2579		9.1368		[bmim][triﬂate]	BMIM	[triflate]	343.000	285.210	136.140	149.070	4.000	226.735	1.2705
	0.960	0.040	0.600	1.2522		7.8156		[bmim][triﬂate]	BMIM	[triflate]	343.000	285.210	136.140	149.070	4.000	227.767	1.2705
	0.940	0.060	0.499	1.2440		6.6122		[bmim][triﬂate]	BMIM	[triflate]	343.000	285.210	136.140	149.070	4.000	229.268	1.2705
	0.916	0.084	0.408	1.2339		5.3842		[bmim][triﬂate]	BMIM	[triflate]	343.000	285.210	136.140	149.070	4.000	231.145	1.2705
	0.870	0.130	0.298	1.2156		4.2397		[bmim][triﬂate]	BMIM	[triflate]	343.000	285.210	136.140	149.070	4.000	234.625	1.2705
	0.799	0.201	0.201	1.1893		2.9364		[bmim][triﬂate]	BMIM	[triflate]	343.000	285.210	136.140	149.070	4.000	239.813	1.2705
	0.635	0.365	0.099	1.1343		1.7141		[bmim][triﬂate]	BMIM	[triflate]	343.000	285.210	136.140	149.070	4.000	251.441	1.2705
	0.000	1.000	0.000	0.9778		0.4040		water			343.000	18.000				18.409	0.978
	0.000	1.000	0.000	1.040				[C6mim][Cl]	HMIM	Cl	298.000	202.770	167.270	35.500	6.000	195.033	1.040
	0.622	0.378	0.127	1.040				[C6mim][Cl]	HMIM	Cl	298.000	202.770	167.270	35.500	6.000	194.887	1.040
	0.840	0.160	0.317	1.041				[C6mim][Cl]	HMIM	Cl	298.000	202.770	167.270	35.500	6.000	194.840	1.040
	0.878	0.122	0.391	1.041				[C6mim][Cl]	HMIM	Cl	298.000	202.770	167.270	35.500	6.000	194.793	1.040
	0.000	1.000	0.000	1.031				[C6mim][Cl]	HMIM	Cl	313.000	202.770	167.270	35.500	6.000	196.648	1.040
	0.622	0.378	0.127	1.032				[C6mim][Cl]	HMIM	Cl	313.000	202.770	167.270	35.500	6.000	196.504	1.040
	0.840	0.160	0.317	1.032				[C6mim][Cl]	HMIM	Cl	313.000	202.770	167.270	35.500	6.000	196.441	1.040
	0.878	0.122	0.391	1.033				[C6mim][Cl]	HMIM	Cl	313.000	202.770	167.270	35.500	6.000	196.363	1.040
	0.000	1.000	0.000	1.023				[C6mim][Cl]	HMIM	Cl	328.000	202.770	167.270	35.500	6.000	198.271	1.040
	0.622	0.378	0.127	1.023				[C6mim][Cl]	HMIM	Cl	328.000	202.770	167.270	35.500	6.000	198.126	1.040
	0.840	0.160	0.317	1.024				[C6mim][Cl]	HMIM	Cl	328.000	202.770	167.270	35.500	6.000	198.056	1.040
	0.878	0.122	0.391	1.024				[C6mim][Cl]	HMIM	Cl	328.000	202.770	167.270	35.500	6.000	197.960	1.040
	0.000	1.000	0.000	1.014				[C6mim][Cl]	HMIM	Cl	343.000	202.770	167.270	35.500	6.000	199.903	1.040
	0.622	0.378	0.127	1.015				[C6mim][Cl]	HMIM	Cl	343.000	202.770	167.270	35.500	6.000	199.762	1.040
	0.840	0.160	0.317	1.016				[C6mim][Cl]	HMIM	Cl	343.000	202.770	167.270	35.500	6.000	199.675	1.040
	0.878	0.122	0.391	1.016				[C6mim][Cl]	HMIM	Cl	343.000	202.770	167.270	35.500	6.000	199.622	1.040
	0.000	1.000	0.000	1.009				[C8mim][Cl]	OMIM	Cl	298.000	230.830	195.330	35.500	8.000	228.812	1.009
	0.691	0.309	0.148	1.010				[C8mim][Cl]	OMIM	Cl	298.000	230.830	195.330	35.500	8.000	228.633	1.009
	0.766	0.234	0.203	1.010				[C8mim][Cl]	OMIM	Cl	298.000	230.830	195.330	35.500	8.000	228.547	1.009
	0.898	0.102	0.408	1.012				[C8mim][Cl]	OMIM	Cl	298.000	230.830	195.330	35.500	8.000	228.131	1.009
	0.000	1.000	0.000	1.000				[C8mim][Cl]	OMIM	Cl	313.000	230.830	195.330	35.500	8.000	230.784	1.009
	0.691	0.309	0.148	1.001				[C8mim][Cl]	OMIM	Cl	313.000	230.830	195.330	35.500	8.000	230.604	1.009
	0.766	0.234	0.203	1.001				[C8mim][Cl]	OMIM	Cl	313.000	230.830	195.330	35.500	8.000	230.519	1.009
	0.898	0.102	0.408	1.003				[C8mim][Cl]	OMIM	Cl	313.000	230.830	195.330	35.500	8.000	230.094	1.009
	0.000	1.000	0.000	0.992				[C8mim][Cl]	OMIM	Cl	328.000	230.830	195.330	35.500	8.000	232.769	1.009
	0.691	0.309	0.148	0.992				[C8mim][Cl]	OMIM	Cl	328.000	230.830	195.330	35.500	8.000	232.593	1.009
	0.766	0.234	0.203	0.993				[C8mim][Cl]	OMIM	Cl	328.000	230.830	195.330	35.500	8.000	232.511	1.009
	0.898	0.102	0.408	0.994				[C8mim][Cl]	OMIM	Cl	328.000	230.830	195.330	35.500	8.000	232.130	1.009
	0.000	1.000	0.000	0.983				[C8mim][Cl]	OMIM	Cl	343.000	230.830	195.330	35.500	8.000	234.765	1.009
	0.691	0.309	0.148	0.984				[C8mim][Cl]	OMIM	Cl	343.000	230.830	195.330	35.500	8.000	234.614	1.009
	0.766	0.234	0.203	0.984				[C8mim][Cl]	OMIM	Cl	343.000	230.830	195.330	35.500	8.000	234.533	1.009
	0.898	0.102	0.408	0.986				[C8mim][Cl]	OMIM	Cl	343.000	230.830	195.330	35.500	8.000	234.203	1.009

