SiglaILRef	MM	nCL	MolarVolume	Density	Viscosity	TG	MP	DT	HC	CO2slubility	Ntf2	BF4	PF6	Cl	MIA	BMI	PY	MIB
EMINCN2 	174.18	2	164.320754717	1.06	21	NA	252.15	NA	79	0.0126582278	0	0	0	0	1	0	0	0
C4MIBF4 	222.94	4	187.3445378151	1.19	219	188.15	190.65	676.15	59	0.0169491525	0	1	0	0	0	1	0	0
EMIBF4 	194.94	2	152.296875	1.28	37	184	285.3	720.15	59	0.0169491525	0	1	0	0	1	0	0	0
C3MIPF6 	267.1	3	201.4328808446	1.326	312	199.15	313.15	708.15	56	0.0178571429	0	0	1	0	1	0	0	0
C8MIBF4 	278.94	8	258.2777777778	1.08	439	194.65	193.15	633.15	53.9	0.0185528757	0	1	0	0	0	0	0	1
C4MIPF6 	281.1	4	208.2222222222	1.35	450	212	276.43	622.15	53.4	0.0187265918	0	0	1	0	0	1	0	0
C3MIBF4 	208.94	3	168.5	1.24	103	185.15	256.15	708.15	52	0.0192307692	0	1	0	0	1	0	0	0
EMITfO 	257.21	2	185.9797541576	1.383	42.7	NA	264.15	713.15	52	0.0192307692	0	0	0	0	1	0	0	0
BDMITFSI 	433.4	6	301.6005567154	1.437	115.22	NA	NA	NA	45.7	0.0218818381	1	0	0	0	0	0	0	0
C4MITfO 	285.21	4	221.0930232558	1.29	90	191.55	289.15	NA	45	0.0222222222	0	0	0	0	0	1	0	0
N6111TFSI 	424.43	6	326.4846153846	1.3	153	199.15	300.15	NA	43.5	0.0229885057	1	0	0	0	0	0	0	0
M4B-pyBF4 	237.04	4	200.6942680552	1.1811	63	NA	361.15	NA	38.6	0.0259067358	0	1	0	0	0	0	1	0
P14TFSI 	422.41	4	299.5815602837	1.41	85	186.15	255.15	NA	38.6	0.0259067358	1	0	0	0	0	0	0	0
C3MICl 	157.64	3	143.1269293626	1.1014	NA	NA	333.15	555.15	37	0.027027027	0	0	0	1	1	0	0	0
C3MITFSI 	402.29	3	272.7389830508	1.475	NA	186.15	253	725.15	37	0.027027027	1	0	0	0	1	0	0	0
C6MITFSI 	447.42	6	326.1078717201	1.372	68	189.15	NA	NA	35	0.0285714286	1	0	0	0	0	0	0	1
C4MITFSI 	402.29	4	281.3216783217	1.43	54.5	169.15	269.15	712.15	33	0.0303030303	1	0	0	0	0	1	0	0
C4-pyBF4 	223.02	4	182.8032786885	1.22	103	206.45	288.45	615	32	0.03125	0	1	0	0	0	0	1	0
C4-pyTFSI 	416.37	4	287.3498964803	1.449	56.6	NA	299	677	32	0.03125	1	0	0	0	0	0	1	0
C4-pyPF6 	281.18	4	231.5382081686	1.2144	NA	NA	NA	NA	32	0.03125	0	0	1	0	0	0	1	0
C10MITFSI 	503.53	10	396.1683713611	1.271	NA	190.15	244.15	NA	30.75	0.0325203252	1	0	0	0	0	0	0	1
C8MITFSI 	472.29	8	358.6104783599	1.317	93	189.15	310.15	NA	30	0.0333333333	1	0	0	0	0	0	0	1
EMITFSI 	388.29	2	255.6221198157	1.519	54	175.15	258.15	728.15	35.6	0.0280898876	1	0	0	0	1	0	0	0
C4MICl 	171.64	4	155.4147048171	1.1044	40890	197.35	341.95	527.15	NA	NA	0	0	0	1	0	1	0	0
C4MI-I 	262.33	4	182.1736111111	1.44	1110	NA	201.15	538.15	NA	NA	0	0	0	0	0	1	0	0
C6MICl 	202.77	6	196.8640776699	1.03	716	198.15	NA	526.15	NA	NA	0	0	0	1	0	0	0	1
C8MICl 	227.64	8	227.64	1	337	186.15	191.15	516.15	NA	NA	0	0	0	1	0	0	0	1
C8MIPF6 	337.1	8	276.3114754098	1.22	682	191.15	203.15	649.15	51.2	0.01953125	0	0	1	0	0	0	0	1
EMINbF6 	315.04	2	188.6467065868	1.67	49	181	272	NA	NA	NA	0	0	0	0	1	0	0	0
EMITSAC 	352.23	2	241.2534246575	1.46	24	NA	275.75	978	NA	NA	0	0	0	0	1	0	0	0
N1114TFSI 	354.15	4	251.170212766	1.41	116	192.15	280.15	NA	36.13	0.0276778301	1	0	0	0	0	0	0	0
C4MI NCN2	205.26	4	193.641509434	1.06	39.14	NA	267.15	300	55.9	0.0178890877	0	0	0	0	0	1	0	0

