SiO2	Al2O3	Fe2O3	CaO	MgO	SO3	Na2O	K2O	Fluor	Cloror
13.26	3.44	1.55	44.27	1.38	0.16	0.16	0.69	0.0300	0.0200
13.05	3.54	1.57	44.31	1.39	0.17	0.16	0.71	0.0300	0.0200
13.21	3.58	1.55	43.80	1.48	0.38	0.18	0.72	0.0300	0.0200
13.04	3.46	1.54	44.36	1.46	0.16	0.17	0.72	0.0300	0.0200
12.84	3.47	1.58	44.57	1.41	0.15	0.16	0.72	0	0
12.77	3.46	1.57	44.69	1.39	0.16	0.16	0.70	0.0370	0.0260
12.66	3.44	1.61	44.80	1.38	0.16	0.15	0.71	0.0300	0.0200
12.72	3.64	1.63	44.43	1.44	0.14	0.16	0.75	0.0300	0.0200
12.97	3.72	1.68	44.00	1.46	0.15	0.16	0.76	0.0300	0.0200
12.79	3.70	1.61	44.41	1.41	0.14	0.15	0.71	0.0300	0
12.79	3.63	1.65	44.38	1.42	0.14	0.16	0.73	0.0400	0.0300
12.60	3.78	1.66	44.36	1.40	0.17	0.22	0.72	0.0400	0.0200
12.66	3.83	1.64	44.35	1.41	0.14	0.15	0.73	0.0300	0.0200
12.65	3.85	1.66	44.30	1.41	0.14	0.15	0.73	0	0
12.94	3.82	1.60	44.12	1.40	0.14	0.16	0.72	0.0450	0.0250
12.85	3.73	1.62	44.29	1.39	0.14	0.16	0.71	0	0
12.80	3.67	1.60	44.44	1.38	0.15	0.16	0.72	0.0350	0.0220
12.77	3.62	1.58	44.48	1.38	0.20	0.16	0.71	0.0500	0.0600
12.79	3.72	1.62	44.32	1.40	0.17	0.15	0.73	0.0540	0.0300
12.74	3.76	1.62	44.35	1.41	0.15	0.15	0.72	0.0330	0.0300
13.10	3.77	1.62	44.01	1.38	0.16	0.16	0.70	0	0
13.00	3.68	1.56	44.31	1.33	0.18	0.17	0.68	0.0330	0.0250
12.91	3.67	1.64	44.34	1.33	0.16	0.15	0.69	0.0400	0.0300
12.90	3.66	1.61	44.38	1.35	0.15	0.15	0.70	0.0400	0.0300
12.72	3.77	1.66	44.29	1.40	0.90	0.15	0.72	0.0400	0.0300
12.81	3.74	1.65	44.30	1.38	0.17	0.15	0.71	0.0300	0.0300
13.01	3.66	1.58	44.25	1.37	0.18	0.16	0.70	0.0380	0.0300
12.86	3.59	1.61	44.47	1.32	0.21	0.15	0.70	0.0400	0.0300
12.98	3.53	1.57	44.45	1.34	0.18	0.16	0.69	0.0300	0.0300
12.82	3.71	1.64	44.31	1.38	0.19	0.15	0.72	0.0400	0.0300
12.83	3.77	1.62	44.25	1.38	0.17	0.16	0.71	0.0300	0.0270
12.86	3.73	1.64	44.22	1.38	0.18	0.15	0.72	0.0390	0.0360
12.75	3.71	1.65	44.41	1.35	0.17	0.15	0.72	0.0400	0.0300
12.99	3.73	1.61	44.05	1.39	0.24	0.18	0.72	0.0300	0.0300
13.00	3.64	1.57	44.30	1.34	0.17	0.17	0.69	0.0200	0.0300
12.85	3.74	1.62	44.29	1.36	0.17	0.16	0.71	0.0300	0.0300
13.03	3.70	1.60	44.15	1.38	0.18	0.16	0.70	0.0350	0.0220
13.00	3.79	1.58	44.09	1.41	0.17	0.16	0.70	0.0400	0.0290
12.85	3.73	1.61	44.27	1.41	0.17	0.16	0.71	0.0300	0.0300
13.01	3.73	1.59	44.08	1.38	0.23	0.18	0.71	0.0400	0.0300
13.00	3.65	1.60	44.14	1.48	0.16	0.18	0.69	0.0200	0.0200
12.96	3.66	1.59	44.09	1.55	0.16	0.18	0.71	0.0300	0.0200
12.97	3.68	1.59	44.00	1.59	0.17	0.18	0.71	0.0350	0.0220
12.67	3.71	1.66	43.70	1.91	0.50	0.21	0.70	0.0360	0.0200
12.85	3.72	1.60	44.06	1.64	0.14	0.18	0.72	0.0300	0.0230
12.72	3.73	1.61	44.10	1.70	0.14	0.18	0.72	0.0270	0.0350
12.82	3.74	1.64	43.94	1.71	0.13	0.19	0.73	0.0400	0.0300
12.91	3.73	1.62	43.81	1.79	0.14	0.19	0.72	0.0300	0.0300
12.88	3.71	1.64	43.78	1.81	0.18	0.19	0.73	0.0330	0.0240
12.67	3.75	1.66	43.90	1.86	0.15	0.18	0.74	0.0360	0.0270
12.73	3.71	1.66	43.88	1.88	0.12	0.19	0.74	0.0280	0.0290
12.92	3.66	1.60	43.73	1.91	0.14	0.20	0.73	0.0200	0.0300
12.94	3.70	1.82	43.47	1.92	0.12	0.19	0.74	0.0400	0.0300
13.00	3.58	1.62	43.76	1.90	0.11	0.20	0.72	0.0300	0.0300
13.02	3.54	1.63	43.73	1.90	0.15	0.22	0.72	0.0300	0.0200
12.93	3.61	1.63	43.79	1.92	0.11	0.20	0.72	0.0300	0.0240
12.80	3.66	1.66	43.84	1.92	0.11	0.19	0.73	0.0300	0.0240
12.93	3.70	1.64	43.66	1.90	0.13	0.20	0.74	0.0100	0.0300
12.79	3.69	1.64	44.77	1.94	0.13	0.20	0.74	0.0200	0.0300
12.75	3.69	1.65	43.74	1.90	0.18	0.24	0.74	0.0200	0.0200
12.67	3.64	1.64	44.07	1.82	0.14	0.19	0.73	0.0300	0.0300
12.73	3.63	1.63	44.04	1.81	0.15	0.19	0.73	0.0390	0.0250
12.74	3.65	1.65	44.04	1.79	0.12	0.18	0.72	0.0400	0.0250
12.74	3.65	1.67	43.99	1.81	0.12	0.18	0.73	0.0300	0.0300
12.74	3.69	1.64	44.00	1.79	0.14	0.18	0.73	0.0300	0.0300
12.73	3.80	1.71	43.88	1.76	0.10	0.17	0.75	0.0400	0.0300
12.69	3.79	1.69	43.96	1.74	0.11	0.18	0.74	0.0400	0.0300
13.03	3.72	1.63	43.73	1.74	0.15	0.19	0.72	0.0230	0.0260
12.85	3.65	1.62	44.06	1.70	0.13	0.18	0.71	0.0190	0.0260
12.97	3.60	1.57	44.08	1.68	0.11	0.18	0.71	0.0360	0.0280
12.89	3.65	1.66	43.97	1.70	0.13	0.18	0.73	0.0350	0.0310
13.01	3.60	1.62	44.01	1.67	0.11	0.17	0.72	0.0200	0.0300
12.76	3.68	1.64	44.11	1.70	0.10	0.18	0.73	0.0300	0.0300
12.85	3.68	1.61	44.00	1.73	0.12	0.17	0.74	0.0240	0.0820
12.77	3.68	1.65	44.07	1.70	0.11	0.17	0.75	0.0340	0.0290
12.96	3.58	1.55	44.08	1.70	0.13	0.18	0.73	0.0300	0.0280
12.89	3.58	1.60	44.12	1.69	0.12	0.18	0.73	0.0270	0.0320
12.92	3.68	1.62	43.96	1.69	0.12	0.17	0.74	0.0300	0.0600
13.04	3.64	1.58	43.87	1.76	0.12	0.18	0.72	0.0100	0.0300
12.86	3.69	1.63	44.01	1.71	0.10	0.18	0.72	0.0100	0.0300
12.93	3.66	1.63	43.95	1.73	0.10	0.17	0.72	0.0200	0.0300
12.96	3.66	1.60	43.94	1.75	0.10	0.17	0.71	0.0220	0.0230
12.83	3.71	1.63	43.95	1.77	0.12	0.17	0.72	0.0350	0.0240
12.65	3.76	1.66	44.04	1.78	0.10	0.17	0.75	0.0300	0.0300
12.72	3.69	1.80	43.84	1.84	0.15	0.18	0.71	0.0200	0.0300
12.92	3.76	1.66	43.73	1.84	0.09	0.18	0.72	0.0300	0.0300
12.88	3.77	1.66	43.75	1.84	0.09	0.18	0.72	0.0400	0.0300
12.96	3.82	1.66	43.60	1.87	0.09	0.18	0.73	0.0100	0.0240
13.11	3.78	1.60	43.56	1.86	0.09	0.18	0.72	0	0
12.95	3.74	1.65	43.60	1.91	0.16	0.18	0.72	0.0300	0.0100
13.06	3.66	1.57	43.66	1.92	0.14	0.18	0.72	0.0500	0.0400
13.00	3.67	1.61	43.67	1.91	0.09	0.22	0.73	0.0300	0.0600
12.54	3.87	1.69	43.79	1.92	0.11	0.19	0.78	0.0500	0.0300
12.61	3.82	1.70	43.79	1.93	0.10	0.18	0.77	0.0300	0.0300
12.64	3.78	1.65	43.84	1.93	0.09	0.18	0.76	0.0500	0.0300
12.86	3.71	1.63	43.77	1.92	0.09	0.18	0.74	0.0400	0.0300
13.18	3.66	1.60	43.53	1.93	0.08	0.20	0.73	0.0300	0.0200
12.94	3.60	1.64	43.73	1.90	0.09	0.28	0.72	0.0300	0.0300
12.90	3.71	1.65	43.65	1.95	0.09	0.20	0.75	0.0400	0.0800
13.01	3.52	1.59	43.83	1.96	0.09	0.19	0.71	0.0300	0.0300
13.02	3.57	1.60	43.74	1.95	0.09	0.20	0.73	0.0300	0.0200
13.06	3.58	1.57	43.71	1.97	0.09	0.20	0.73	0.0400	0.0230
13.00	3.65	1.61	43.63	1.97	0.12	0.19	0.75	0.0300	0.0200
12.76	3.86	1.68	43.52	2.01	0.11	0.18	0.79	0.0600	0.0400
12.37	4.09	1.76	43.51	2.05	0.11	0.17	0.83	0.0400	0.0300
12.95	3.78	1.64	43.46	1.97	0.18	0.18	0.76	0.0300	0.0300
13.16	3.49	1.51	43.89	1.85	0.10	0.19	0.71	0.0290	0.0160
12.96	3.81	1.63	43.49	1.95	0.11	0.17	0.78	0.0400	0.0250
13.06	3.65	1.57	43.65	1.94	0.11	0.18	0.75	0.0400	0.0300
13.05	3.56	1.56	43.79	1.90	0.14	0.18	0.73	0.0400	0.0300
13.06	3.55	1.59	43.80	1.88	0.13	0.17	0.73	0.0400	0.0200
13.03	3.54	1.61	43.83	1.87	0.15	0.16	0.71	0.0400	0.0200
12.82	3.68	1.66	43.81	1.90	0.14	0.17	0.73	0.0510	0.0240
12.72	3.69	1.64	43.93	1.88	0.13	0.17	0.74	0.0500	0.0220
12.48	3.87	1.69	43.86	1.95	0.13	0.16	0.77	0.0500	0.0310
13.03	3.66	1.61	43.69	1.87	0.16	0.17	0.73	0.0300	0.0330
12.94	3.63	1.62	43.84	1.85	0.14	0.16	0.72	0.0400	0.0300
12.99	3.54	1.59	43.98	1.80	0.13	0.16	0.70	0.0400	0.0200
12.99	3.71	1.61	43.72	1.83	0.13	0.18	0.72	0.0310	0.0260
13.06	3.64	1.63	43.70	1.81	0.15	0.21	0.69	0.0400	0.0250
12.85	3.76	1.64	43.80	1.86	0.14	0.16	0.70	0.0390	0.0290
12.70	3.82	1.68	43.87	1.84	0.13	0.16	0.72	0.0270	0.0280
12.86	3.63	1.60	44.05	1.80	0.13	0.16	0.68	0.0400	0.0300
12.65	3.62	1.76	44.05	1.87	0.10	0.18	0.67	0.0500	0.0300
12.85	3.63	1.62	43.87	1.97	0.11	0.19	0.68	0.0300	0.0300
13.08	3.58	1.58	43.68	1.97	0.12	0.20	0.68	0.0300	0.0200
13.12	3.59	1.59	43.60	2.00	0.11	0.19	0.69	0.0220	0.0240
12.90	3.64	1.63	43.64	2.05	0.11	0.19	0.73	0.0240	0.0240
13.05	3.50	1.54	43.70	2.06	0.14	0.20	0.71	0.0290	0.0220
13.29	3.47	1.57	43.50	2.06	0.11	0.19	0.71	0.0160	0.0220
13.29	3.51	1.61	43.48	2.01	0.11	0.19	0.71	0.0300	0.0200
12.96	3.63	1.64	43.63	2.01	0.14	0.18	0.72	0.0400	0.0300
12.81	3.61	1.64	43.83	1.99	0.13	0.18	0.72	0.0340	0.0260
12.79	3.67	1.63	43.79	2.00	0.11	0.18	0.73	0.0460	0.0370
12.69	3.65	1.72	43.77	2.02	0.15	0.19	0.71	0.0250	0.0280
12.46	3.72	1.68	43.99	2.01	0.14	0.17	0.74	0.0200	0.0270
12.48	3.71	1.68	43.90	2.02	0.17	0.20	0.73	0.0300	0.0200
12.64	3.81	1.69	43.69	2.03	0.11	0.18	0.75	0.0300	0.0300
12.73	3.70	1.67	43.75	2.01	0.13	0.18	0.73	0.0300	0.0200
12.59	3.68	1.67	43.91	2.04	0.12	0.18	0.71	0.0200	0.0300
12.62	3.72	1.67	43.83	2.05	0.11	0.17	0.73	0.0270	0.0270
12.71	3.84	1.72	43.49	2.02	0.20	0.18	0.74	0.0240	0.0270
12.78	3.71	1.68	43.62	2.08	0.11	0.19	0.72	0.0200	0.0200
12.58	3.72	1.63	43.86	2.08	0.11	0.18	0.73	0.0500	0.0200
12.65	3.69	1.67	43.83	2.07	0.10	0.18	0.72	0.0300	0.0200
