Fluor	Cloror	FSC	MS	MA	RWP	Alita_M1	Alita_M3	p_Alita_M1	Alita_Total	Distância_br_Cristal	Belita	Aluminato_br_Cubico	Aluminato_br_ortorrombico	Aluminato_br_Total
0.0300	0.0200	104.92	2.66	2.22	8.08	25.96	43.05	37.62	69.01	132.38	9.10	6.45	0.12	6.57
0.0300	0.0200	106.16	2.55	2.25	8.24	22.77	45.43	33.39	68.20	126.64	11.04	5.58	0.08	5.66
0.0300	0.0200	103.74	2.58	2.31	8.00	23.83	44.46	34.90	68.30	141.29	10.62	6.45	0.35	6.79
0.0300	0.0200	106.65	2.61	2.25	8.24	26.81	43.04	38.38	69.85	137.53	8.39	6.78	0.29	7.07
0	0	108.51	2.54	2.20	8.34	29.55	38.65	43.32	68.21	130.32	9.73	7.54	0.15	7.68
0.0370	0.0260	109.38	2.54	2.20	8.31	24.18	44.79	35.06	68.97	130.65	6.81	9.06	0.31	9.37
0.0300	0.0200	110.47	2.51	2.14	8.23	24.23	40.79	37.27	65.02	126.45	12.62	6.51	0.26	6.78
0.0300	0.0200	108.44	2.41	2.23	7.86	23.37	40.09	36.83	63.45	125.80	13.86	8.01	0.19	8.20
0.0300	0.0200	105.27	2.40	2.21	8.13	23.24	41.21	36.06	64.46	128.10	11.35	9.00	0.83	9.83
0.0300	0	107.73	2.41	2.30	9.13	19.52	48.69	28.62	68.21	126.10	10.24	9.65	0.30	9.95
0.0400	0.0300	107.80	2.42	2.20	8.07	25.01	42.57	37.01	67.57	117.40	8.94	8.55	0.20	8.76
0.0400	0.0200	108.68	2.32	2.28	7.86	24.09	40.00	37.58	64.09	122.60	11.80	7.53	0.89	8.42
0.0300	0.0200	108.08	2.31	2.34	7.95	21.95	43.10	33.75	65.05	120.40	10.80	8.19	0.49	8.69
0	0	107.94	2.30	2.32	7.58	26.83	34.69	43.61	61.53	96.10	14.99	8.46	0.37	8.83
0.0450	0.0250	105.60	2.39	2.39	8.10	21.39	42.35	33.56	63.74	134.20	12.89	8.98	0.49	9.47
0	0	106.89	2.40	2.30	8.30	23.55	40.71	36.65	64.27	131.10	12.78	6.85	0.36	7.22
0.0350	0.0220	107.84	2.43	2.29	8.29	23.86	37.52	38.88	61.38	123.90	15.77	8.93	0.10	9.03
0.0500	0.0600	108.34	2.46	2.29	8.60	25.05	39.87	38.59	64.92	95.20	12.30	8.63	0.05	8.07
0.0540	0.0300	107.43	2.40	2.30	8.27	20.19	44.19	31.36	64.38	113.02	12.05	7.97	0.98	8.95
0.0330	0.0300	107.75	2.37	2.32	8.58	25.38	38.43	39.77	63.82	129.89	12.54	8.11	0.21	8.32
0	0	104.33	2.43	2.33	8.18	20.98	41.43	33.62	62.42	129.15	13.54	8.79	0.40	9.19
0.0330	0.0250	106.12	2.48	2.36	9.52	26.22	28.76	47.69	54.97	106.94	21.79	7.95	0.23	8.18
0.0400	0.0300	106.73	2.43	2.24	8.31	22.28	42.56	34.36	64.84	28.08	11.04	8.90	1.21	10.11
0.0400	0.0300	106.98	2.45	2.27	7.75	23.53	34.27	40.71	57.81	108.07	17.08	8.69	0.31	9.00
0.0400	0.0300	107.65	2.34	2.27	7.89	24.89	37.07	40.17	61.97	118.22	13.94	8.06	0.21	8.27
0.0300	0.0300	107.12	2.38	2.27	8.79	23.37	41.21	36.19	64.58	131.33	11.42	7.20	0.19	7.39
0.0380	0.0300	105.93	2.48	2.32	8.39	23.62	43.33	35.29	66.95	120.48	10.26	7.91	0.43	8.34
0.0400	0.0300	107.70	2.47	2.23	8.12	23.78	43.88	35.14	67.66	126.80	10.16	7.40	0.25	7.65
0.0300	0.0300	107.03	2.55	2.25	8.32	23.03	44.87	33.92	67.90	131.50	9.16	6.78	0.77	7.55
0.0400	0.0300	107.18	2.40	2.26	8.13	22.97	41.11	35.85	64.08	132.10	11.58	8.08	0.55	8.64
0.0300	0.0270	106.82	2.38	2.33	8.26	23.57	37.93	38.32	61.50	112.70	13.64	7.28	0.59	7.87
0.0390	0.0360	106.62	2.39	2.27	7.87	21.58	31.69	40.51	53.26	117.80	20.12	9.00	0.18	9.18
0.0400	0.0300	107.92	2.38	2.25	8.33	22.49	46.34	32.68	68.83	128.90	8.88	6.52	0.15	6.67
0.0300	0.0300	105.33	2.43	2.32	8.16	21.83	45.18	32.58	67.01	130.70	10.26	7.41	0.22	7.63
0.0200	0.0300	106.20	2.50	2.32	8.28	22.69	44.62	33.71	67.30	127.50	9.66	7.83	0.33	8.16
0.0300	0.0300	106.86	2.40	2.31	8.17	23.96	41.23	36.75	65.19	128.10	11.25	8.57	0.47	9.04
0.0350	0.0220	105.40	2.46	2.31	8.93	20.49	47.07	30.33	67.56	115.30	8.69	9.06	0.88	9.94
0.0400	0.0290	105.23	2.42	2.40	8.28	20.62	42.78	32.52	63.40	130.51	12.14	10.38	0.89	11.28
0.0300	0.0300	106.86	2.41	2.32	8.16	24.35	43.72	35.77	68.06	120.57	8.42	11.07	0.46	11.53
0.0400	0.0300	105.30	2.45	2.35	8.30	19.23	47.09	29.00	66.32	134.85	9.91	10.87	0.73	11.60
0.0200	0.0200	105.73	2.48	2.28	8.08	20.76	45.79	31.19	66.55	130.70	8.83	9.78	1.23	11.00
0.0300	0.0200	105.88	2.47	2.30	8.14	22.38	45.70	32.88	68.09	112.78	8.73	7.78	1.84	9.63
0.0350	0.0220	105.54	2.46	2.31	8.31	23.32	44.93	34.17	68.24	126.24	8.56	9.01	0.93	9.94
0.0360	0.0200	106.76	2.36	2.23	8.35	22.04	44.66	33.04	66.70	133.10	9.67	8.28	1.75	10.03
0.0300	0.0230	106.40	2.42	2.33	8.53	20.18	47.64	29.75	67.81	135.06	8.31	8.32	2.03	10.35
0.0270	0.0350	107.39	2.38	2.32	8.34	22.58	43.29	34.28	65.87	123.86	9.61	6.97	3.46	10.43
0.0400	0.0300	106.20	2.38	2.28	8.27	21.44	42.92	33.31	64.36	125.10	10.39	9.23	1.25	10.48
0.0300	0.0300	105.31	2.41	2.30	8.08	27.19	37.21	42.22	64.40	128.85	12.21	8.96	0.39	9.34
0.0330	0.0240	105.47	2.41	2.26	8.06	21.80	44.36	32.95	66.16	127.27	11.01	6.27	1.55	7.82
0.0360	0.0270	107.13	2.34	2.26	8.23	21.38	43.10	33.15	64.48	127.09	10.58	8.54	0.39	8.93
0.0280	0.0290	106.76	2.37	2.23	8.16	21.96	45.90	32.36	67.86	120.43	8.48	8.67	0.79	9.46
0.0200	0.0300	105.29	2.46	2.29	8.25	22.38	40.86	35.39	63.24	123.74	11.95	8.79	0.81	9.60
0.0400	0.0300	104.04	2.34	2.03	8.23	20.84	44.45	31.92	65.29	125.14	10.41	9.05	0.66	9.70
0.0300	0.0300	105.00	2.50	2.21	7.83	21.53	41.86	33.97	63.40	92.18	12.33	9.07	0.21	9.28
0.0300	0.0200	104.89	2.52	2.17	8.47	22.38	45.62	32.91	67.99	128.96	8.52	6.90	0.29	7.19
0.0300	0.0240	105.46	2.47	2.21	8.20	19.79	42.80	31.61	62.59	124.86	12.86	8.50	0.64	9.14
0.0300	0.0240	106.31	2.41	2.20	8.53	22.62	44.09	33.90	66.71	137.50	8.87	7.30	0.44	7.74
0.0100	0.0300	104.86	2.42	2.26	8.37	21.23	42.99	33.06	64.22	135.15	10.78	6.55	0.48	7.04
0.0200	0.0300	108.58	2.40	2.25	7.98	20.50	43.13	32.22	63.64	115.75	11.83	8.30	0.60	8.90
0.0200	0.0200	106.35	2.39	2.24	8.27	22.82	42.54	34.91	65.36	127.20	11.54	7.45	0.34	7.79
0.0300	0.0300	107.92	2.40	2.22	8.65	23.16	45.70	33.66	68.86	121.38	8.26	7.01	1.34	8.36
0.0390	0.0250	107.45	2.42	2.23	8.13	22.61	45.47	33.21	68.08	128.90	8.82	7.07	1.02	8.09
0.0400	0.0250	107.28	2.40	2.21	7.86	27.80	35.03	44.25	62.83	111.78	14.29	9.18	0.29	9.46
0.0300	0.0300	107.12	2.39	2.19	8.08	21.36	42.51	33.45	63.87	126.30	12.86	7.56	1.12	8.68
0.0300	0.0300	107.08	2.39	2.25	8.21	21.14	44.69	32.12	65.83	126.59	11.49	7.26	0.78	8.04
0.0400	0.0300	106.40	2.31	2.22	8.07	21.56	40.82	34.56	62.37	127.05	13.05	7.74	1.46	9.20
0.0400	0.0300	106.95	2.32	2.24	7.75	23.35	42.64	35.39	66.00	122.10	10.69	9.39	0.57	9.96
0.0230	0.0260	104.29	2.44	2.28	8.06	22.53	43.54	34.10	66.07	139.80	10.19	9.55	0.11	9.66
0.0190	0.0260	106.58	2.44	2.25	7.75	23.35	42.64	35.39	66.00	122.10	10.69	9.39	0.57	9.96
0.0360	0.0280	106.00	2.51	2.29	9.33	18.66	45.75	28.97	64.41	125.72	11.32	8.07	0.44	8.51
0.0350	0.0310	106.01	2.43	2.20	8.33	18.04	46.10	28.13	64.14	125.06	11.49	8.74	1.49	10.23
0.0200	0.0300	105.47	2.49	2.22	8.33	20.07	45.66	30.53	65.73	125.10	10.53	8.96	1.45	10.41
0.0300	0.0300	107.23	2.40	2.24	8.35	22.55	40.13	35.97	62.68	121.85	13.66	8.64	1.27	9.91
0.0240	0.0820	106.36	2.43	2.29	8.91	19.36	46.90	29.22	66.27	125.78	9.68	8.09	1.01	9.10
0.0340	0.0290	107.04	2.40	2.23	8.34	20.72	45.65	31.22	66.38	133.52	9.98	8.93	1.47	10.40
0.0300	0.0280	106.17	2.53	2.31	8.36	19.72	45.52	30.23	65.24	123.44	9.62	9.85	1.21	11.06
0.0270	0.0320	106.68	2.49	2.24	8.41	18.77	48.13	28.06	66.90	127.26	6.73	9.41	2.24	11.65
0.0300	0.0600	105.75	2.44	2.27	8.69	19.56	42.60	31.46	62.16	118.76	11.79	10.23	1.49	11.72
0.0100	0.0300	104.87	2.50	2.30	8.13	20.83	43.00	32.64	63.83	132.43	12.31	7.39	2.47	9.86
0.0100	0.0300	106.25	2.42	2.26	8.36	21.48	43.19	33.22	64.68	123.05	11.66	8.30	2.40	10.71
0.0200	0.0300	105.69	2.44	2.25	8.09	20.75	39.27	34.58	60.02	112.12	15.34	9.56	1.30	10.86
0.0220	0.0230	105.51	2.46	2.29	8.29	22.57	41.55	35.20	64.12	125.67	11.82	10.20	0.49	10.70
0.0350	0.0240	106.26	2.40	2.28	8.04	23.39	36.34	39.16	59.74	118.86	16.95	10.11	0.70	10.82
0.0300	0.0300	107.58	2.33	2.27	8.29	20.72	42.73	32.66	63.45	127.79	12.63	10.32	0.66	10.98
0.0200	0.0300	106.56	2.32	2.05	8.29	24.94	39.32	38.81	64.26	127.21	12.73	9.30	0.98	10.28
0.0300	0.0300	104.89	2.38	2.27	7.91	20.92	38.06	35.48	58.98	106.08	12.91	12.76	1.15	13.91
0.0400	0.0300	105.19	2.37	2.27	7.92	19.74	42.47	31.73	62.20	125.33	13.23	9.64	1.96	11.60
0.0100	0.0240	104.12	2.36	2.30	8.06	19.30	45.50	29.79	64.81	134.23	10.83	10.78	0.78	11.53
0	0	103.20	2.44	2.36	8.20	18.73	47.06	28.47	65.80	137.50	11.10	9.45	1.00	10.45
0.0300	0.0100	104.44	2.40	2.27	8.22	19.85	46.32	30.00	66.17	127.08	9.65	11.55	0.43	11.99
0.0500	0.0400	104.18	2.50	2.33	8.15	22.69	45.29	33.38	67.98	123.75	9.09	9.54	0.34	9.88
0.0300	0.0600	104.53	2.46	2.28	8.25	21.22	46.75	31.22	67.97	130.34	9.92	7.28	1.13	8.41
0.0500	0.0300	107.39	2.26	2.29	8.17	20.45	44.50	31.71	64.51	129.14	11.84	8.04	0.76	8.80
0.0300	0.0300	107.01	2.28	2.25	8.34	23.52	43.50	35.10	67.02	131.84	8.22	10.10	1.17	11.27
0.0500	0.0300	107.12	2.33	2.29	8.13	22.98	41.34	35.73	64.32	124.75	14.34	8.16	0.68	8.84
0.0400	0.0300	105.61	2.41	2.28	8.31	21.05	45.13	31.81	66.18	131.52	10.18	8.70	1.50	10.20
0.0300	0.0200	103.00	2.51	2.29	7.78	23.33	42.08	35.67	65.41	104.92	11.42	7.65	1.25	8.90
0.0300	0.0300	105.26	2.47	2.20	8.23	22.51	43.23	34.24	65.74	121.66	11.00	9.60	0.62	10.22
0.0400	0.0800	105.00	2.41	2.25	7.93	23.37	40.98	36.32	64.36	124.02	12.80	8.96	0.21	9.17
0.0300	0.0300	105.32	2.55	2.21	7.96	23.15	45.14	33.90	68.29	126.26	8.41	9.33	0.19	9.52
0.0300	0.0200	104.87	2.52	2.23	7.87	22.87	46.30	33.06	69.17	116.71	7.35	5.90	0.66	6.56
0.0400	0.0230	104.54	2.54	2.28	8.45	19.63	48.26	28.91	67.89	124.05	6.87	7.45	0.69	8.14
0.0300	0.0200	104.49	2.47	2.27	8.55	22.45	47.55	32.07	70.00	109.07	6.50	7.00	1.14	8.14
0.0600	0.0400	105.18	2.30	2.30	8.03	20.01	48.78	29.09	68.79	126.49	8.11	6.82	1.46	8.27
0.0400	0.0300	107.15	2.11	2.32	8.24	20.14	46.80	30.09	66.95	130.43	10.20	5.17	2.54	7.71
0.0300	0.0300	104.01	2.39	2.30	7.98	20.21	45.50	30.75	65.71	131.74	10.86	8.60	0.87	9.48
0.0290	0.0160	104.63	2.63	2.31	9.55	21.38	43.79	32.81	65.17	100.50	12.30	5.80	2.07	7.87
0.0400	0.0250	103.94	2.38	2.34	8.36	21.19	44.94	32.05	66.13	131.06	11.99	7.21	1.01	8.21
0.0400	0.0300	104.19	2.50	2.32	8.37	23.34	43.24	35.06	66.58	114.98	11.06	7.75	0.75	8.51
0.0400	0.0300	104.87	2.55	2.28	8.49	19.59	48.18	28.91	67.77	133.24	8.21	7.61	2.49	10.10
0.0400	0.0200	104.81	2.54	2.23	7.98	24.15	43.48	35.71	67.63	125.36	7.74	9.50	0.51	10.01
0.0400	0.0200	105.09	2.53	2.20	7.97	22.66	41.69	35.22	64.35	119.50	9.31	7.70	3.11	10.82
0.0510	0.0240	106.03	2.40	2.22	8.24	21.68	43.90	33.06	65.58	126.65	9.04	10.57	0.69	11.27
0.0500	0.0220	107.05	2.39	2.25	9.13	19.52	48.69	28.62	68.21	124.07	11.57	10.67	0.84	11.51
0.0500	0.0310	108.01	2.24	2.29	7.75	23.58	39.60	37.32	63.18	98.88	11.84	9.61	2.20	11.81
0.0300	0.0330	104.40	2.47	2.27	7.60	22.57	40.94	35.54	63.51	102.62	12.90	9.11	0.90	10.01
0.0400	0.0300	105.46	2.46	2.24	8.55	24.01	38.55	38.38	62.55	102.70	12.48	10.17	1.70	11.86
0.0400	0.0200	105.77	2.53	2.23	8.26	25.43	38.53	39.76	63.96	102.13	10.53	9.41	1.24	10.65
0.0310	0.0260	104.60	2.44	2.30	8.01	20.45	44.27	31.60	64.72	124.42	10.94	9.77	0.22	9.99
0.0400	0.0250	104.24	2.48	2.23	8.38	18.59	44.91	29.28	63.50	131.13	11.59	9.85	0.86	10.70
0.0390	0.0290	105.59	2.38	2.29	8.53	25.48	41.06	38.29	66.54	96.38	9.26	9.48	1.22	10.70
0.0270	0.0280	106.59	2.31	2.27	8.14	21.38	40.82	34.37	62.20	129.32	12.59	9.84	0.71	10.55
0.0400	0.0300	106.58	2.46	2.27	8.37	23.25	42.59	35.32	65.84	125.38	8.83	10.54	0.61	11.15
0.0500	0.0300	107.87	2.35	2.06	8.29	21.65	41.84	34.10	63.48	136.16	10.24	9.46	0.49	9.95
0.0300	0.0300	106.18	2.45	2.24	8.09	24.66	38.44	39.08	63.10	125.50	11.66	9.77	0.47	10.24
0.0300	0.0200	104.31	2.53	2.27	8.37	20.96	43.74	32.40	64.70	129.74	10.73	9.41	1.54	10.95
0.0220	0.0240	103.80	2.53	2.26	8.26	20.01	42.31	32.11	62.32	124.66	12.77	10.32	0.85	11.18
0.0240	0.0240	105.22	2.45	2.23	8.30	18.10	46.55	28.00	64.65	124.26	9.83	9.12	1.45	10.57
0.0290	0.0220	104.87	2.59	2.27	8.44	21.42	43.12	33.19	64.54	135.22	10.47	8.98	0.50	9.48
0.0160	0.0220	102.77	2.64	2.21	8.36	21.76	44.38	32.89	66.14	129.99	9.95	8.81	0.85	9.66
0.0300	0.0200	102.55	2.60	2.18	8.76	19.35	42.90	31.08	62.25	128.68	12.51	9.86	0.57	10.43
0.0400	0.0300	104.79	2.46	2.21	8.50	19.49	47.87	28.94	67.36	135.14	9.00	9.48	0.40	9.87
0.0340	0.0260	106.40	2.44	2.20	8.55	21.48	45.25	32.20	66.73	131.08	8.90	10.00	0.51	10.51
0.0460	0.0370	106.28	2.41	2.25	8.57	22.01	41.62	34.59	63.63	123.57	10.37	10.90	0.94	11.84
0.0250	0.0280	106.87	2.36	2.12	8.38	19.41	43.87	30.67	63.29	130.83	11.65	9.74	0.92	10.66
0.0200	0.0270	108.97	2.31	2.21	8.48	21.47	45.09	32.26	66.57	130.18	8.93	10.33	0.60	10.92
0.0300	0.0200	108.63	2.32	2.21	7.93	20.80	42.75	32.73	63.55	132.17	11.10	9.38	1.92	11.30
0.0300	0.0300	106.60	2.30	2.25	7.92	19.96	44.30	31.06	64.26	113.69	11.15	9.93	1.74	11.67
0.0300	0.0200	106.46	2.37	2.22	8.34	20.57	41.35	33.22	61.91	120.19	12.17	9.87	1.54	11.41
0.0200	0.0300	107.94	2.35	2.20	7.93	26.40	34.76	43.16	61.15	103.71	11.89	10.87	1.19	12.06
0.0270	0.0270	107.40	2.34	2.23	7.96	20.53	45.35	31.16	65.87	112.94	8.83	10.23	1.50	11.74
0.0240	0.0270	105.46	2.29	2.23	8.45	22.84	40.56	36.03	63.40	125.87	10.37	9.29	2.06	11.35
0.0200	0.0200	105.74	2.37	2.21	8.08	20.19	45.55	30.71	65.75	104.15	9.13	8.53	2.27	10.81
0.0500	0.0200	107.84	2.35	2.28	8.43	19.85	45.08	30.57	64.93	123.69	10.09	9.75	2.18	11.93
0.0300	0.0200	107.27	2.36	2.21	7.95	22.23	43.19	33.98	65.43	108.79	9.46	10.21	2.17	12.38
