Alim.Bal.2	Temperature.entrada	O2	Nox	Rot.Forno	Torque.Forno 	Grau.Ench.	Temp. Zona.Queima	Cons.Esp.	P.Ar.Externo	F.Ar.Externo	P.Ar.Interno	F.Ar.Interno	P.Ar.Tangencial	F.Ar.Tangencial	F.Ar.Primário	T.Clinquer	Pres.Grel.	Temp.Ar.Exc.	Ar/Clinquer	RWP	Alita.M1	Alita.M3	p_Alita.M1	Alita.Total	Distância.Cristal	Belita	Aluminato.Cubico	Aluminato.ortorrombico	Aluminato.Total	Ferro.Aluminato	CaO	Portlandita.Ca(OH)2	CaO.livre	Periclásio	Quartzo	Arcanita	Aphthitalite	Langbeinite	SiO2	Al2O3	Fe2O3	CaO	MgO	SO3	Na2O	K2O	Fluor	Cloror	FSC	MS	MA
340.62	646.4	6.02	678.87	3.9	638.41	11.04	1196.5	666.27	526.41	3584.65	61.23	627.01	143.54	1898.19	6833.24	81.21	77.63	298.29	1.98	8.08	25.96	43.05	37.62	69.01	132.38	9.1	6.45	0.12	6.57	10.75	1.96	0.2	2.11	0.72	0.11	0.72	0.86	0	13.26	3.44	1.55	44.27	1.38	0.16	0.16	0.69	0.03	0.02	104.92	2.66	2.22
340.76	507.65	6.81	501.03	3.9	634.18	11.03	651.9	635.63	523.98	3582.64	61.21	628.27	146.59	1899.08	9560.65	80.11	77.75	315.97	1.98	8.24	22.77	45.43	33.39	68.2	126.64	11.04	5.58	0.08	5.66	11.22	1.22	0.3	1.45	0.83	0.02	0.56	0.93	0.03	13.05	3.54	1.57	44.31	1.39	0.17	0.16	0.71	0.03	0.02	106.16	2.55	2.25
340.48	409.66	6.6	579.9	3.9	553.7	11.03	651.5	645.73	526.49	3568.15	61.05	628.77	147.38	1909.93	9635.43	79.93	77.12	301.82	1.99	8	23.83	44.46	34.9	68.3	141.29	10.62	6.45	0.35	6.79	10.03	1.56	0.24	1.75	0.81	0.03	0.61	0.95	0.05	13.21	3.58	1.55	43.8	1.48	0.38	0.18	0.72	0.03	0.02	103.74	2.58	2.31
337.16	365.29	5.63	455.76	3.73	547.56	11.1	650.9	677.28	525.4	3518.87	62.06	622.7	139.67	1924.05	8403.21	79.68	78.05	304.21	2	8.5	18.61	45.01	29.25	63.62	141.6	13	7.36	0.94	8.3	7.03	4.69	0.56	5.11	0.98	0.02	0.99	0.71	0.04	13.04	3.46	1.54	44.36	1.46	0.16	0.17	0.72	0.03	0.02	106.65	2.61	2.25
330.78	564.95	4.39	413.53	3.8	545.38	10.99	674.38	611.17	517.95	3418.72	58.29	618.44	167.79	1870.05	7087.58	86.83	78.25	298.5	2.04	8.24	26.81	43.04	38.38	69.85	137.53	8.39	6.78	0.29	7.07	8.67	3.19	0.52	3.58	0.74	0	0.55	0.8	0.22	12.84	3.47	1.58	44.57	1.41	0.15	0.16	0.72	0	0	108.51	2.54	2.2
320.5	707.86	4.15	539.69	3.71	574.79	10.95	723.76	643.43	518.58	3418.79	58.84	624.53	167.06	1879.01	9900.69	71.93	73.3	299.69	2.12	8.34	29.55	38.65	43.32	68.21	130.32	9.73	7.54	0.15	7.68	7.51	3.64	0.48	4.01	0.99	0.04	0.67	0.89	0.15	12.77	3.46	1.57	44.69	1.39	0.16	0.16	0.7	0.037	0.026	109.38	2.54	2.2
327.32	520.4	5.36	855.35	3.8	548.26	10.57	651.56	679.09	514.99	3415.42	59.43	624.14	166.93	1872.44	8953.07	94.75	77.63	289.93	2.06	8.31	24.18	44.79	35.06	68.97	130.65	6.81	9.06	0.31	9.37	9.19	2.85	0.39	3.14	0.87	0.02	0.73	0.8	0	12.66	3.44	1.61	44.8	1.38	0.16	0.15	0.71	0.03	0.02	110.47	2.51	2.14
331.4	382.88	5.92	613.47	3.9	553.15	10.74	651.55	709.75	512.53	3457.83	60.48	625.73	165.19	1854.88	9598.34	90.3	78.23	286.54	2.03	8.23	24.23	40.79	37.27	65.02	126.45	12.62	6.51	0.26	6.78	11.51	1.09	0.32	1.34	0.82	0.02	0.78	0.98	0.04	12.72	3.64	1.63	44.43	1.44	0.14	0.16	0.75	0.03	0.02	108.44	2.41	2.23
315.76	364.25	7.03	465.77	3.33	437.77	11.82	1154.64	677.9	531.38	3517.09	61.3	626.22	142.83	1746.81	6750.85	91.21	74.89	254.06	2.13	7.86	23.37	40.09	36.83	63.45	125.8	13.86	8.01	0.19	8.2	8.54	2.9	0.35	3.17	0.93	0.02	0.76	0.95	0.04	12.97	3.72	1.68	44	1.46	0.15	0.16	0.76	0.03	0.02	105.27	2.4	2.21
330.91	1074.42	5.45	482.37	3.64	514.29	11.11	651.79	654.82	533.38	3513.16	61.37	626.08	143.64	1741.62	11221.59	99.62	77.94	281.05	2.07	7.92	23.57	40	37.08	63.57	122.8	11.99	8.47	0.69	9.16	9.12	3.59	0.34	3.85	0.8	0.08	0.78	0.57	0	12.79	3.7	1.61	44.41	1.41	0.14	0.15	0.71	0	0	107.73	2.41	2.3
329.75	987.53	5.83	442.65	3.79	511.02	10.95	651.57	628.63	532.74	3509.51	61.04	624.94	144.41	1749.59	9727.52	93.41	78.11	263.39	2.08	8.13	23.24	41.21	36.06	64.46	128.1	11.35	9	0.83	9.83	8.42	2.66	0.62	3.13	0.99	0.05	0.97	0.65	0	12.79	3.63	1.65	44.38	1.42	0.14	0.16	0.73	0.04	0.03	107.8	2.42	2.2
320.65	851.14	5.55	604.92	3.8	503.3	10.65	651.04	664.53	524.83	3506.61	59.67	623.33	145.1	1792.27	9782.98	90.98	77.55	275.39	2.15	9.13	19.52	48.69	28.62	68.21	126.1	10.24	9.65	0.3	9.95	8.56	2.46	0.42	2.78	1.11	0.14	0.97	0.79	0.04	12.6	3.78	1.66	44.36	1.4	0.17	0.22	0.72	0.04	0.02	108.68	2.32	2.28
321.1	684.04	5.07	511.96	3.8	519.72	10.65	1230.73	680.03	517.07	3436.3	58.69	623.71	145.11	1807.26	7593.79	82.76	76.16	275.84	2.16	8.07	25.01	42.57	37.01	67.57	117.4	8.94	8.55	0.2	8.76	9.74	1.85	0.34	2.11	0.97	0.08	0.96	0.79	0	12.66	3.83	1.64	44.35	1.41	0.14	0.15	0.73	0.03	0.02	108.08	2.31	2.34
320.83	617.09	5.56	448.98	3.8	529.96	10.65	665.96	659.99	515.13	3478.44	58.59	624.87	143.38	1815.82	8934.1	86.02	76.21	249.99	2.15	7.86	24.09	40	37.58	64.09	122.6	11.8	7.53	0.89	8.42	9.43	3.25	0.34	3.51	0.81	0.14	0.81	0.78	0.11	12.65	3.85	1.66	44.3	1.41	0.14	0.15	0.73	0	0	107.94	2.3	2.32
320.69	511.07	6.21	427.79	3.78	544.09	10.65	894.11	670.83	516.44	3461.71	58.9	624.05	144.76	1802.6	10505.04	82.64	75	258.54	2.16	7.95	21.95	43.1	33.75	65.05	120.4	10.8	8.19	0.49	8.69	10	2.59	0.4	2.89	0.86	0.04	0.76	0.78	0.04	12.94	3.82	1.6	44.12	1.4	0.14	0.16	0.72	0.045	0.025	105.6	2.39	2.39
315.65	1058.73	5.49	431.14	3.7	562.35	10.77	998.94	642.94	514.1	3492.11	58.54	616.8	148.04	1794.38	10847.55	68.05	66.27	299.49	2.2	7.93	22.44	42.97	34.31	65.41	126.2	10.98	8.34	0.35	8.69	8.58	3.39	0.44	3.72	0.87	0.07	0.74	0.76	0.08	12.85	3.73	1.62	44.29	1.39	0.14	0.16	0.71	0	0	106.89	2.4	2.3
315.68	956.11	7.01	542.63	3.71	594.7	10.77	650.82	666.84	536.21	3570.69	60.49	616.78	153.6	1931.34	9718.7	61.91	65.79	324.96	2.2	7.58	26.83	34.69	43.61	61.53	96.1	14.99	8.46	0.37	8.83	8.26	3.7	0.52	4.09	0.77	0.12	0.69	0.32	0.29	12.8	3.67	1.6	44.44	1.38	0.15	0.16	0.72	0.035	0.022	107.84	2.43	2.29
317.66	772.43	7.72	569.26	3.7	552.03	10.84	650.81	631.63	513.9	3511.75	59.21	612.12	157.17	1885.61	9585.13	72.83	73.91	284.21	2.16	8.1	21.39	42.35	33.56	63.74	134.2	12.89	8.98	0.49	9.47	8.94	2.26	0.35	2.53	0.88	0.04	0.75	0.67	0	12.77	3.62	1.58	44.48	1.38	0.2	0.16	0.71	0.05	0.06	108.34	2.46	2.29
320.97	657.05	7.98	518.24	3.81	548.91	10.65	650.79	638.31	502.65	3485.81	58.38	618.89	159.45	1864.63	10866.5	69.31	72.3	295.21	2.16	8.3	23.55	40.71	36.65	64.27	131.1	12.78	6.85	0.36	7.22	11.78	1.35	0.26	1.55	0.81	0.02	0.65	0.83	0.04	12.79	3.72	1.62	44.32	1.4	0.17	0.15	0.73	0.054	0.03	107.43	2.4	2.3
315.92	571.34	7.18	543.1	3.8	599.81	10.49	668.49	633.87	504.68	3491.61	59.19	620.01	154.64	1879.1	11528.11	64.55	71.44	268.9	2.2	8.29	23.86	37.52	38.88	61.38	123.9	15.77	8.93	0.1	9.03	8.57	2.27	0.41	2.58	0.92	0.01	0.67	0.88	0.08	12.74	3.76	1.62	44.35	1.41	0.15	0.15	0.72	0.033	0.03	107.75	2.37	2.32
325.75	651.75	6.89	627.27	3.81	589.83	10.82	669.02	635.2	524.72	3584.88	61.22	624.94	139.88	1736.71	10132.09	63.02	69.61	284.63	2.11	8.6	25.05	39.87	38.59	64.92	95.2	12.3	8.63	0.05	8.07	8.78	2.55	0.07	2.6	0.74	0.02	0.68	0.96	0.29	13.1	3.77	1.62	44.01	1.38	0.16	0.16	0.7	0	0	104.33	2.43	2.33
329.82	966.56	8.4	559.84	3.82	600.64	10.76	657.08	699.51	522.13	3573.84	59.92	611.77	141.46	1743.66	10549.7	74.17	68.38	315.91	2.09	8.09	23.25	43.2	34.99	66.45	129.01	11.18	6.68	0.86	7.54	10.87	1.57	0.26	1.77	0.82	0.04	0.59	0.68	0	13	3.68	1.56	44.31	1.33	0.18	0.17	0.68	0.033	0.025	106.12	2.48	2.36
336.73	1226.18	6.66	795.71	3.76	456.08	11.14	1209.68	684.54	525.82	3599.84	60.54	614.68	141.84	1744.5	9574.59	79.6	67.43	344.65	2.06	8.27	20.19	44.19	31.36	64.38	113.02	12.05	7.97	0.98	8.95	9.43	2.32	0.45	2.66	1.02	0.04	0.68	0.67	0	12.91	3.67	1.64	44.34	1.33	0.16	0.15	0.69	0.04	0.03	106.73	2.43	2.24
331.05	877.52	6.81	650.7	3.79	497.72	10.98	1145.78	686.74	529.37	3604.82	61.05	618.46	140.19	1747.55	10063.08	76.26	67.4	318.17	2.09	8.58	25.38	38.43	39.77	63.82	129.89	12.54	8.11	0.21	8.32	8.75	3.43	0.43	3.76	0.78	0.25	0.68	0.89	0.11	12.9	3.66	1.61	44.38	1.35	0.15	0.15	0.7	0.04	0.03	106.98	2.45	2.27
335.54	657.31	6.2	646.67	3.72	496.01	11.11	1144.13	663.02	532.57	3604.92	61.06	619.99	138.54	1758.81	9759.52	71.94	68.13	330.1	2.07	8.18	20.98	41.43	33.62	62.42	129.15	13.54	8.79	0.4	9.19	8.48	3.23	0.63	3.7	0.97	0.06	0.74	0.71	0.04	12.72	3.77	1.66	44.29	1.4	0.9	0.15	0.72	0.04	0.03	107.65	2.34	2.27
298.04	1243.12	6.31	389.72	3.59	498.04	10.54	652.33	698.92	528.89	3591.11	60.52	620.96	136.91	1793.12	9678.53	63.64	66.48	308.5	2.33	9.52	26.22	28.76	47.69	54.97	106.94	21.79	7.95	0.23	8.18	7.11	4.62	0.72	5.16	0.79	0.02	0.75	0.85	0.19	12.81	3.74	1.65	44.3	1.38	0.17	0.15	0.71	0.03	0.03	107.12	2.38	2.27
320.87	1240.8	6.5	678.02	3.6	484.32	11.21	1217.75	675.21	511.7	3528.74	49.28	602.71	161.61	1859.28	9530.44	65.03	72.95	324.73	2.16	8.31	22.28	42.56	34.36	64.84	28.08	11.04	8.9	1.21	10.11	8.9	2.18	0.73	2.73	0.84	0.05	0.73	0.59	0.01	13.01	3.66	1.58	44.25	1.37	0.18	0.16	0.7	0.038	0.03	105.93	2.48	2.32
314.7	1231.53	10.35	429.46	3.38	542.38	11.36	657.02	691.97	513.74	3743.15	55.63	605.22	154.36	1922.81	10462.72	64.03	67.02	294.12	2.19	7.75	23.53	34.27	40.71	57.81	108.07	17.08	8.69	0.31	9	7.72	5.22	0.59	5.67	1	0.11	0.72	0.71	0.04	12.98	3.53	1.57	44.45	1.34	0.18	0.16	0.69	0.03	0.03	107.03	2.55	2.25
324.08	562.65	8.7	494.18	3.75	545.1	10.77	652.8	637.35	526.84	3682.37	59.58	620.12	145.78	1829.75	9846.05	63.98	67.45	308.03	2.1	7.89	24.89	37.07	40.17	61.97	118.22	13.94	8.06	0.21	8.27	9.12	3.84	0.24	4.02	0.83	0.06	0.6	0.93	0.21	12.82	3.71	1.64	44.31	1.38	0.19	0.15	0.72	0.04	0.03	107.18	2.4	2.26
320.24	725.22	7.7	599.77	3.8	546.01	10.66	650.8	694.32	535.64	3661.24	62.01	622.94	145.7	1827.98	9437.56	72.11	68.02	313.61	2.12	8.79	23.37	41.21	36.19	64.58	131.33	11.42	7.2	0.19	7.39	10.25	3.3	0.48	3.67	0.87	0.19	0.63	0.84	0.05	12.83	3.77	1.62	44.25	1.38	0.17	0.16	0.71	0.03	0.027	106.82	2.38	2.33
320.09	1232.01	7.41	557.15	3.81	561.72	10.66	650.81	650.06	538.9	3635.66	62.11	625.16	147.42	1821.84	10135.52	69.13	69.23	291.71	2.12	8.58	27.39	38.78	41.39	66.17	118.88	11.39	8.06	0.08	8.15	9.82	1.84	0.36	2.11	0.83	0.02	0.66	0.77	0.01	12.86	3.73	1.64	44.22	1.38	0.18	0.15	0.72	0.039	0.036	106.62	2.39	2.27
321.24	1213.58	6.64	555.1	3.81	552.47	10.66	759.91	659.58	535.13	3624.17	61.96	623.17	150.98	1811.04	11280.72	72.31	67.98	314.22	2.12	8.39	23.62	43.33	35.29	66.95	120.48	10.26	7.91	0.43	8.34	10.12	1.8	0.25	1.98	0.79	0.02	0.64	0.77	0.06	12.75	3.71	1.65	44.41	1.35	0.17	0.15	0.72	0.04	0.03	107.92	2.38	2.25
320.55	1195.15	8.03	544.69	3.85	580.45	10.66	1228.56	659.12	522.4	3620.44	61.45	621.62	150.33	1800.64	9730.09	74.6	67.93	301.36	2.12	8.12	23.78	43.88	35.14	67.66	126.8	10.16	7.4	0.25	7.65	10.44	1.44	0.34	1.7	0.71	0	0.67	0.88	0.06	12.99	3.73	1.61	44.05	1.39	0.24	0.18	0.72	0.03	0.03	105.33	2.43	2.32
329.13	591.96	7.04	700.63	3.89	510.1	10.89	958.01	639.2	516.75	3645.54	60.93	622.56	145.73	1790.68	8751.76	72.46	69.06	336.37	2.05	8.32	23.03	44.87	33.92	67.9	131.5	9.16	6.78	0.77	7.55	10.89	1.67	0.44	2	0.85	0.08	0.61	0.85	0	13	3.64	1.57	44.3	1.34	0.17	0.17	0.69	0.02	0.03	106.2	2.5	2.32
330.98	472.34	6.8	669.04	3.91	504.86	10.68	1210.95	637.65	519.48	3663.21	60.39	622.21	142.01	1787	9971.97	65.1	67.09	330.68	2.04	8.13	22.97	41.11	35.85	64.08	132.1	11.58	8.08	0.55	8.64	10.56	2.04	0.43	2.37	0.96	0.02	0.79	0.9	0.01	12.85	3.74	1.62	44.29	1.36	0.17	0.16	0.71	0.03	0.03	106.86	2.4	2.31
329.3	447.69	6.11	516.83	3.91	481.91	10.64	844.62	678.28	520.01	3614.96	60.37	616.42	139	1790.02	10269.26	75.41	67.91	318.84	2.05	8.26	23.57	37.93	38.32	61.5	112.7	13.64	7.28	0.59	7.87	10.12	3.81	0.07	3.87	0.91	0.12	0.82	0.87	0.28	13.03	3.7	1.6	44.15	1.38	0.18	0.16	0.7	0.035	0.022	105.4	2.46	2.31
331.08	417.89	6.81	755.54	3.9	530.33	10.68	653.55	657.23	518.51	3576.22	60.85	613.05	141.6	1926.42	9602.66	73.42	68.84	321.19	2.05	8.14	24.01	41.41	36.7	65.41	132.3	11.86	7.61	0.26	7.87	9.83	2	0.42	2.32	0.84	0.04	0.67	0.98	0.06	13	3.79	1.58	44.09	1.41	0.17	0.16	0.7	0.04	0.029	105.23	2.42	2.4
325.94	419.46	7.7	619.33	3.89	566.67	10.52	777.23	675.16	524.69	3601.95	61.31	617.75	148.42	1943.64	9854.34	61.58	68.76	289.3	2.07	7.87	21.58	31.69	40.51	53.26	117.8	20.12	9	0.18	9.18	7.13	6.17	1	6.93	1.13	0.07	0.75	0.97	0.24	12.85	3.73	1.61	44.27	1.41	0.17	0.16	0.71	0.03	0.03	106.86	2.41	2.32
328.26	442.68	8.21	731.94	3.9	616.66	10.58	1184.32	657.11	531.4	3635.57	61.73	621.88	156.88	1937.69	10119.44	75.95	68.2	324.08	2.07	8.33	22.49	46.34	32.68	68.83	128.9	8.88	6.52	0.15	6.67	11.35	1.52	0.15	1.63	1.1	0	0.58	0.81	0.11	13.01	3.73	1.59	44.08	1.38	0.23	0.18	0.71	0.04	0.03	105.3	2.45	2.35
332.78	467.83	8.08	654	3.9	594.87	10.75	909.13	633.2	543.19	3712.06	62.61	624.43	155.93	1809.4	9788.37	70.43	68.65	334.26	2.05	8.16	21.83	45.18	32.58	67.01	130.7	10.26	7.41	0.22	7.63	10.21	1.88	0.37	2.16	0.95	0.03	0.65	0.93	0.07	13	3.65	1.6	44.14	1.48	0.16	0.18	0.69	0.02	0.02	105.73	2.48	2.28
336.39	453.45	7.82	819.11	3.9	574.98	10.88	1227.59	661.18	553.86	3690.41	63.87	629.53	138.52	1751.63	10376.31	72.83	68.06	342.84	2.01	8.28	22.69	44.62	33.71	67.3	127.5	9.66	7.83	0.33	8.16	10.05	1.63	0.32	1.87	1.15	0.04	0.65	0.93	0.1	12.96	3.66	1.59	44.09	1.55	0.16	0.18	0.71	0.03	0.02	105.88	2.47	2.3
333.16	719.08	8.57	495.63	3.91	535.3	10.76	845.86	700.82	551.94	3728.71	64.77	635.76	133.44	1769.89	9922.63	65.99	66.27	282.52	2	8.17	23.96	41.23	36.75	65.19	128.1	11.25	8.57	0.47	9.04	8.6	2.59	0.57	3.02	1.21	0.12	0.47	0.93	0.03	12.97	3.68	1.59	44	1.59	0.17	0.18	0.71	0.035	0.022	105.54	2.46	2.31
340.41	991.55	7.91	779.56	3.91	611.63	11.06	651.66	641.04	553.06	3701.76	65.44	633.23	137.29	1763.55	9717.39	76.71	67.77	318.25	1.96	8.42	20.67	42.93	32.5	63.59	128.42	11.19	9.98	0.24	10.22	7.73	3.35	0.57	3.78	1.47	0.04	0.75	0.91	0.16	12.67	3.71	1.66	43.7	1.91	0.5	0.21	0.7	0.036	0.02	106.76	2.36	2.23
338.97	837.44	7.72	820.32	3.9	570.95	10.99	650.81	647.8	554.44	3715.88	65.96	630.17	140.68	1755.69	9715.17	84.22	69.21	332.3	1.99	8.93	20.49	47.07	30.33	67.56	115.3	8.69	9.06	0.88	9.94	8.81	1.88	0.35	2.15	1.34	0.07	0.54	0.8	0	12.85	3.72	1.6	44.06	1.64	0.14	0.18	0.72	0.03	0.023	106.4	2.42	2.33
337.81	695.57	12.16	456.03	3.9	542.15	10.9	1132.16	679.48	558.05	3731.13	66.39	625.46	130.57	1754.91	9908.37	70.87	66.18	295.62	2	8.28	20.62	42.78	32.52	63.4	130.51	12.14	10.38	0.89	11.28	6.85	2.69	0.35	2.95	1.67	0.03	0.64	0.83	0.12	12.72	3.73	1.61	44.1	1.7	0.14	0.18	0.72	0.027	0.035	107.39	2.38	2.32
334.48	681.83	7.55	783.02	3.9	587.29	10.81	1223.87	663.09	530.91	3592.06	65.91	623.24	150	1942.73	9823.01	75.71	68.99	334.49	2.01	8.16	24.35	43.72	35.77	68.06	120.57	8.42	11.07	0.46	11.53	6.98	1.59	0.22	1.75	1.51	0.05	0.7	0.94	0	12.82	3.74	1.64	43.94	1.71	0.13	0.19	0.73	0.04	0.03	106.2	2.38	2.28
336.32	567.69	7.48	817.45	3.9	586.79	10.9	1232.98	634.72	514.45	3430.69	64.96	632.17	175.8	1934.59	8345.32	73.78	68.22	339.68	1.98	8.3	19.23	47.09	29	66.32	134.85	9.91	10.87	0.73	11.6	6.74	1.52	0.46	1.87	1.84	0.01	0.67	0.92	0	12.91	3.73	1.62	43.81	1.79	0.14	0.19	0.72	0.03	0.03	105.31	2.41	2.3
340.95	681.6	6.12	1008.38	3.9	558.76	10.99	1110.05	646.93	555.26	3497.39	65.34	636.51	167.25	1846.62	9813.93	77.51	67.77	316.82	1.99	8.08	20.76	45.79	31.19	66.55	130.7	8.83	9.78	1.23	11	7.42	2.58	0.36	2.86	1.62	0.1	0.71	0.79	0.04	12.88	3.71	1.64	43.78	1.81	0.18	0.19	0.73	0.033	0.024	105.47	2.41	2.26
340.53	983.07	8.1	767.59	3.9	608.3	11.06	1251.26	632.17	534.64	3507.01	61.61	627.98	162.81	1817.83	9706.03	81.03	67.75	345.67	1.99	8.06	22.94	43.23	34.67	66.17	120.56	9.08	9.76	1.45	11.22	7.28	2.05	0.44	2.38	2	0.03	0.8	0.79	0.16	12.67	3.75	1.66	43.9	1.86	0.15	0.18	0.74	0.036	0.027	107.13	2.34	2.26
341.99	634.6	10.56	649.67	3.91	607.97	11	1249.05	643.83	516.56	3482.68	61.85	621.29	149.86	1803.4	9721.25	83.58	67.37	352.44	2	8.14	22.38	45.7	32.88	68.09	112.78	8.73	7.78	1.84	9.63	8.65	1.39	0.1	1.46	1.71	0.06	0.84	0.91	0	12.73	3.71	1.66	43.88	1.88	0.12	0.19	0.74	0.028	0.029	106.76	2.37	2.23
337.51	1123.71	9.02	766.12	3.48	543.28	12.28	650.77	673.03	536.29	3689.36	63.88	629.46	153.27	1837.61	9807.52	63.96	68.88	340.23	2.02	8.31	23.32	44.93	34.17	68.24	126.24	8.56	9.01	0.93	9.94	8.05	1.37	0.4	1.67	1.64	0.07	0.69	1.03	0	12.92	3.66	1.6	43.73	1.91	0.14	0.2	0.73	0.02	0.03	105.29	2.46	2.29
338.06	945.56	7.6	806.31	3.9	563.01	10.95	695.7	695.82	531.23	3646.2	63.43	628.29	155.15	1827.78	9844.36	64.04	68.08	332.35	2	8.35	22.04	44.66	33.04	66.7	133.1	9.67	8.28	1.75	10.03	7.67	1.97	0.36	2.24	1.7	0.11	0.83	0.84	0.12	12.94	3.7	1.82	43.47	1.92	0.12	0.19	0.74	0.04	0.03	104.04	2.34	2.03
335.2	647.62	8.39	657.71	3.9	502.23	10.8	650.74	698.67	526.2	3640.29	62.48	630.49	149.63	1828.67	9801.87	63.98	68.59	338.79	2.02	8.53	20.18	47.64	29.75	67.81	135.06	8.31	8.32	2.03	10.35	7.97	2.03	0.04	2.06	1.87	0.03	0.63	0.86	0.09	13	3.58	1.62	43.76	1.9	0.11	0.2	0.72	0.03	0.03	105	2.5	2.21
340.46	508.99	8.46	463.06	3.91	532.73	11	650.76	684.3	525.52	3638.85	60.69	622.8	142.44	1838.34	9690.28	75.84	67.4	330.73	1.99	8.25	21.4	45.52	31.98	66.91	137.8	10.02	8.48	0.52	9	8.31	1.53	0.58	1.96	1.74	0.04	0.72	1.04	0.12	13.02	3.54	1.63	43.73	1.9	0.15	0.22	0.72	0.03	0.02	104.89	2.52	2.17
338.61	416.13	7.15	401.48	3.91	513.51	10.93	958.4	677.46	521.18	3625.36	60.57	613.61	139.12	1834.95	9674.33	77.39	66.34	317.07	2	8.34	22.58	43.29	34.28	65.87	123.86	9.61	6.97	3.46	10.43	8.5	1.79	0.34	2.05	1.85	0.08	0.92	0.47	0.14	12.93	3.61	1.63	43.79	1.92	0.11	0.2	0.72	0.03	0.024	105.46	2.47	2.21
331.09	583.15	5.82	529.86	3.85	526.03	10.69	1197.01	655.52	539.78	3684.17	64.04	627.48	141.5	1867.5	9921.95	71.63	67.93	316.93	2.05	8.27	21.44	42.92	33.31	64.36	125.1	10.39	9.23	1.25	10.48	7.9	2.6	0.6	3.06	1.91	0.04	0.69	1.03	0	12.8	3.66	1.66	43.84	1.92	0.11	0.19	0.73	0.03	0.024	106.31	2.41	2.2
326.84	578.41	7.03	753.26	3.51	516.49	11.51	1242.4	688.96	545.52	3701.08	64.09	635.26	140.3	1881.33	9739.92	72.28	69.32	329.74	2.07	8.2	21.36	45.03	32.17	66.4	126.3	9.92	8.45	1.08	9.53	8.92	1.61	0.23	1.78	1.62	0.03	0.73	1.01	0	12.93	3.7	1.64	43.66	1.9	0.13	0.2	0.74	0.01	0.03	104.86	2.42	2.26
332.46	522.64	6.01	776.11	3.59	511.18	11.33	656.11	617.15	547.03	3680.24	64.22	638.61	142.89	1876.1	9748.99	77.8	68.07	331.99	2.04	8.04	18.92	47.08	28.67	66	127.86	11.15	8.01	0.99	9	9.72	0.84	0.21	1	1.59	0	0.61	0.88	0	12.79	3.69	1.64	44.77	1.94	0.13	0.2	0.74	0.02	0.03	108.58	2.4	2.25
329.09	446.3	8.11	670.12	3.21	454.87	12.68	653.67	657.48	548.77	3654.51	64.67	635.27	144.51	1877.12	9830.29	73.6	70.23	324.09	2.06	8.14	20.33	45.1	31.03	65.52	131.38	10.91	8.13	0.67	8.8	9.18	1.96	0.27	2.16	1.71	0.02	0.77	0.81	0.05	12.75	3.69	1.65	43.74	1.9	0.18	0.24	0.74	0.02	0.02	106.35	2.39	2.24
330.81	1108.26	7.09	749.8	3.71	559.46	11.26	1245.05	642.13	550.6	3616.52	65.18	627.6	145.87	1883.37	9857.69	81.8	68.65	330	2.04	8.23	21.38	43.1	33.15	64.48	127.09	10.58	8.54	0.39	8.93	8.57	3.76	0.51	4.14	1.5	0.15	0.55	0.88	0.08	12.67	3.64	1.64	44.07	1.82	0.14	0.19	0.73	0.03	0.03	107.92	2.4	2.22
330.72	1009.49	8.82	720.54	3.71	528.57	11.27	991.46	629.41	552.94	3593.19	65.02	629.16	144.42	1889.39	9803.84	78.25	68.04	325.72	2.05	8.16	21.96	45.9	32.36	67.86	120.43	8.48	8.67	0.79	9.46	8.79	1.61	0.39	1.9	1.58	0.06	0.8	0.9	0.05	12.73	3.63	1.63	44.04	1.81	0.15	0.19	0.73	0.039	0.025	107.45	2.42	2.23
331.15	972.39	6.8	817.71	3.73	477.7	11.26	651.39	646.12	555.44	3601.73	64.8	635.77	142.38	1895.21	9784.22	71.24	68.37	330.13	2.04	8.25	22.38	40.86	35.39	63.24	123.74	11.95	8.79	0.81	9.6	8.37	3.22	0.54	3.63	1.64	0.06	0.69	0.68	0	12.74	3.65	1.67	43.99	1.81	0.12	0.18	0.73	0.03	0.03	107.12	2.39	2.19
328.12	846.12	7.12	822.57	3.77	522.42	11.15	650.95	666.88	556.77	3608.84	64.33	639.19	146.06	1890.06	9776.74	72.09	68.3	339.24	2.07	8.23	20.84	44.45	31.92	65.29	125.14	10.41	9.05	0.66	9.7	9.45	1.71	0.35	1.97	1.46	0.04	0.64	0.89	0.08	12.74	3.69	1.64	44	1.79	0.14	0.18	0.73	0.03	0.03	107.08	2.39	2.25
335.43	583.24	6.04	932.46	3.82	511.62	11.1	1286.89	616.88	557.75	3613	63.83	641.17	150.87	1875.76	9746.81	82.1	68.97	345.52	2.02	7.83	21.53	41.86	33.97	63.4	92.18	12.33	9.07	0.21	9.28	9.61	2.13	0.44	2.47	1.38	0.05	0.55	0.83	0	12.73	3.8	1.71	43.88	1.76	0.1	0.17	0.75	0.04	0.03	106.4	2.31	2.22
337.35	784.11	6.28	995.31	3.87	496.68	11.16	1293.95	667.63	557.42	3615.31	62.29	636.39	153.48	1872.54	10576.02	82.23	68.78	339.92	2.02	8.29	20.12	45.53	30.65	65.66	121.74	10.49	7.33	0.31	7.64	11.2	1.69	0.35	1.95	1.4	0	0.65	0.86	0.08	12.69	3.79	1.69	43.96	1.74	0.11	0.18	0.74	0.04	0.03	106.95	2.32	2.24
335.66	725.45	6.16	860.03	3.9	517.87	10.85	1231.11	635.18	556.77	3613.84	60.84	629.06	155.69	1878.56	11295.63	81.73	68.53	337.66	2.03	8.47	22.38	45.62	32.91	67.99	128.96	8.52	6.9	0.29	7.19	10.98	2.01	0.37	2.29	1.38	0.04	0.67	0.86	0	13.03	3.72	1.63	43.73	1.74	0.15	0.19	0.72	0.023	0.026	104.29	2.44	2.28
338.33	695.22	6.89	990.66	3.9	543.29	10.92	653.65	626.96	549.71	3598.67	62.37	628.44	155.35	1873.44	9848.82	81.76	68.79	331.97	2.02	8.2	19.79	42.8	31.61	62.59	124.86	12.86	8.5	0.64	9.14	8.7	3.08	0.55	3.5	1.52	0.06	0.8	0.69	0.01	12.85	3.65	1.62	44.06	1.7	0.13	0.18	0.71	0.019	0.026	106.58	2.44	2.25
338.34	659.83	5.56	1095.37	3.9	546.54	10.99	652.97	617.62	541.44	3558.81	63.8	629.87	154.66	1859.02	9807.79	80.01	68.02	336.46	2.01	8.53	22.62	44.09	33.9	66.71	137.5	8.87	7.3	0.44	7.74	10.49	2.38	0.59	2.83	1.41	0.14	0.63	1	0.04	12.97	3.6	1.57	44.08	1.68	0.11	0.18	0.71	0.036	0.028	106	2.51	2.29
340.3	559.27	8.04	775.94	3.9	535.58	11.06	1284.69	640.84	539.93	3573.9	62.91	631.03	150.78	1855.18	8689.56	78.31	67.48	339.42	1.99	8.37	21.23	42.99	33.06	64.22	135.15	10.78	6.55	0.48	7.04	11.62	2.94	0.38	3.23	1.3	0.1	0.67	0.93	0	12.89	3.65	1.66	43.97	1.7	0.13	0.18	0.73	0.035	0.031	106.01	2.43	2.2
340.47	993.94	5.81	939.5	3.9	542.92	11.06	1264.71	629.25	539.5	3598.04	61.92	632.13	146.57	1860.13	10130.46	79.75	68.23	337.35	1.98	7.98	20.5	43.13	32.22	63.64	115.75	11.83	8.3	0.6	8.9	9.74	2.36	0.46	2.7	1.4	0	0.76	0.86	0.06	13.01	3.6	1.62	44.01	1.67	0.11	0.17	0.72	0.02	0.03	105.47	2.49	2.22
335.74	674.12	6.22	837.31	3.9	511.1	10.89	1236.08	657.4	536.99	3597.53	60.31	628.26	146.37	1858.5	9032.09	88.42	67.31	330.74	2.01	8.21	19.35	43.68	30.7	63.03	109.82	12.37	6.9	1.75	8.65	9.54	3.02	0.32	3.27	1.56	0.11	0.76	0.62	0.01	12.76	3.68	1.64	44.11	1.7	0.1	0.18	0.73	0.03	0.03	107.23	2.4	2.24
336.69	468.53	6.95	758.89	3.71	575.46	11.27	1252.32	644.99	534.25	3593.88	59.14	623.48	146.57	1851.39	9783.66	89.76	68.46	333.71	2.02	8.27	22.82	42.54	34.91	65.36	127.2	11.54	7.45	0.34	7.79	9.86	1.77	0.31	2.01	1.46	0	0.78	1.08	0.07	12.85	3.68	1.61	44	1.73	0.12	0.17	0.74	0.024	0.082	106.36	2.43	2.29
337.03	352.72	6.32	944.36	3.9	520.2	10.93	1199.69	641.77	531.93	3601.34	60.8	623.61	148.01	1846.14	9721.49	85.14	68.87	348.31	2.01	8.65	23.16	45.7	33.66	68.86	121.38	8.26	7.01	1.34	8.36	9.48	1.8	0.13	1.9	1.3	0.09	0.89	0.82	0	12.77	3.68	1.65	44.07	1.7	0.11	0.17	0.75	0.034	0.029	107.04	2.4	2.23
336.5	294.16	5.78	895.2	3.9	537.32	10.93	659.64	638.99	529.65	3610.08	62.11	624.39	149.52	1842.42	9711.82	74.18	68.96	341.32	2.01	8.13	22.61	45.47	33.21	68.08	128.9	8.82	7.07	1.02	8.09	10.03	1.56	0.34	1.82	1.17	0.05	0.94	0.99	0.02	12.96	3.58	1.55	44.08	1.7	0.13	0.18	0.73	0.03	0.028	106.17	2.53	2.31
330.31	244.36	11.99	404.11	3.9	531.54	10.73	653.14	642.08	528.41	3634.66	61.75	626.64	143.73	1856.3	9709.49	69.7	69.72	333.97	2.04	7.86	27.8	35.03	44.25	62.83	111.78	14.29	9.18	0.29	9.46	6.71	3.01	0.36	3.28	1.32	0.06	0.79	1.02	0.13	12.89	3.58	1.6	44.12	1.69	0.12	0.18	0.73	0.027	0.032	106.68	2.49	2.24
330.92	1057.19	6.82	586.53	3.9	508.08	10.73	650.78	616.21	526.81	3660.15	61.38	628.97	137.44	1884.8	9714.46	67.96	68.06	335.53	2.04	8.08	21.36	42.51	33.45	63.87	126.3	12.86	7.56	1.12	8.68	8.78	2.31	0.5	2.69	1.46	0.05	0.68	0.81	0	12.92	3.68	1.62	43.96	1.69	0.12	0.17	0.74	0.03	0.06	105.75	2.44	2.27
331.54	1008.47	7.43	654.02	3.87	518.94	10.72	766.46	624.02	515.29	3548.99	60.99	629.3	143.88	1938.59	9738.37	61.15	67.88	332.2	2.04	7.98	21.06	41.38	33.73	62.45	133.9	13.59	8.85	0.19	9.04	7.94	3.14	0.64	3.62	1.57	0.1	0.5	1.01	0.02	13.04	3.64	1.58	43.87	1.76	0.12	0.18	0.72	0.01	0.03	104.87	2.5	2.3
330.61	903.32	8.16	637.57	3.36	450.87	12.62	1221.22	647.05	504.2	3426.35	60.81	629.45	151.25	1942.93	9780.22	66.86	52.39	343.76	2.05	8.21	21.14	44.69	32.12	65.83	126.59	11.49	7.26	0.78	8.04	9.56	1.79	0.45	2.13	1.28	0.01	0.63	0.85	0.07	12.86	3.69	1.63	44.01	1.71	0.1	0.18	0.72	0.01	0.03	106.25	2.42	2.26
331.01	803.2	8.61	803.05	3.68	544.67	11.01	1252.19	661.58	509.76	3485.65	61.26	627.51	159.44	1939.95	10137.98	55.98	67.95	320.13	2.04	8.07	21.56	40.82	34.56	62.37	127.05	13.05	7.74	1.46	9.2	8.21	3.41	0.61	3.86	1.56	0.15	0.57	0.85	0.03	12.93	3.66	1.63	43.95	1.73	0.1	0.17	0.72	0.02	0.03	105.69	2.44	2.25
274.18	705.91	9	772.94	2.34	369.51	14.17	1290.86	681.08	515.82	3560.34	61.53	625.83	167.12	1936.36	10118.28	57.6	71.73	280.01	2.47	7.75	23.35	42.64	35.39	66	122.1	10.69	9.39	0.57	9.96	7.92	1.54	0.31	1.78	1.78	0.02	0.7	1.05	0.03	12.96	3.66	1.6	43.94	1.75	0.1	0.17	0.71	0.022	0.023	105.51	2.46	2.29
328.94	627.27	8.95	576.92	3.88	494.48	10.71	1183.95	664.83	523.55	3541.77	61.36	629.67	161.01	1932.67	9947.23	62.58	65.92	324.25	2.06	8.06	22.53	43.54	34.1	66.07	139.8	10.19	9.55	0.11	9.66	9.15	1.45	0.21	1.61	1.52	0.01	0.63	1.03	0.08	12.83	3.71	1.63	43.95	1.77	0.12	0.17	0.72	0.035	0.024	106.26	2.4	2.28
331.33	565.94	11.82	254.77	3.79	490.14	10.72	652.77	712.52	530.9	3578.82	61.18	633.12	154.84	1894.54	9834.55	61.55	67.01	320.31	2.05	7.75	23.35	42.64	35.39	66	122.1	10.69	9.39	0.57	9.96	7.92	1.54	0.31	1.78	1.78	0.02	0.7	1.05	0.03	12.65	3.76	1.66	44.04	1.78	0.1	0.17	0.75	0.03	0.03	107.58	2.33	2.27
325.15	787.11	9.96	512.94	3.66	557.89	11.68	1160.33	638.66	510.52	3606.2	60.51	621.38	147.39	1874.25	9780.02	65.68	67.48	322.53	2.1	8.29	22.57	41.55	35.2	64.12	125.67	11.82	10.2	0.49	10.7	6.5	2.99	0.41	3.3	1.86	0.03	0.78	0.79	0	13.01	3.52	1.59	43.83	1.96	0.09	0.19	0.71	0.03	0.03	105.32	2.55	2.21
327.2	798.64	8.37	616.07	3.63	581.89	10.94	1187.51	662.16	521.95	3607.9	61.56	627.04	178.56	1958.21	9930.33	70.6	68.75	317.91	2.07	8.04	23.39	36.34	39.16	59.74	118.86	16.95	10.11	0.7	10.82	5.96	2.7	0.3	2.93	2.08	0.02	0.65	0.7	0.09	13.02	3.57	1.6	43.74	1.95	0.09	0.2	0.73	0.03	0.02	104.87	2.52	2.23
321.2	859.01	10.44	400.36	3.76	527.65	10.64	781.96	665.41	544.56	3640.02	57.03	622.89	168.6	1739.67	10001.05	67.17	68.36	325.79	2.1	8.29	20.72	42.73	32.66	63.45	127.79	12.63	10.32	0.66	10.98	6.69	2.1	0.39	2.39	1.91	0.04	0.93	0.84	0.04	13.06	3.58	1.57	43.71	1.97	0.09	0.2	0.73	0.04	0.023	104.54	2.54	2.28
340.54	1149.63	8.36	644.28	3.85	556.84	11.03	1254.72	651.9	557.02	3718.66	68.32	634.21	145.34	1817.51	10153.49	69.31	67.43	333.15	1.96	7.92	19.74	42.47	31.73	62.2	125.33	13.23	9.64	1.96	11.6	7.42	1.58	0.24	1.77	1.99	0.04	0.92	0.76	0	12.37	4.09	1.76	43.51	2.05	0.11	0.17	0.83	0.04	0.03	107.15	2.11	2.32
341.05	1003.35	7.58	876.99	3.9	603.09	11.09	1270.57	650.39	560.67	3704.36	68.15	635.83	146.64	1815.66	9379.19	60.67	69.65	326.7	1.95	8.06	19.3	45.5	29.79	64.81	134.23	10.83	10.78	0.78	11.53	6.51	2.36	0.33	2.61	1.84	0.09	0.85	0.85	0	12.95	3.78	1.64	43.46	1.97	0.18	0.18	0.76	0.03	0.03	104.01	2.39	2.3
341.17	908.04	7.37	842.26	3.9	623.21	11.05	1242.04	651.13	559.94	3709.73	67.76	638.47	143.47	1815.21	9925.6	66.84	68.83	328.2	1.95	8.2	18.73	47.06	28.47	65.8	137.5	11.1	9.45	1	10.45	7.14	1.58	0.32	1.83	1.84	0.06	0.88	0.79	0.04	13.16	3.49	1.51	43.89	1.85	0.1	0.19	0.71	0.029	0.016	104.63	2.63	2.31
341.46	1013.57	6.74	790.06	3.89	627.15	11.06	1237.22	650.61	554.36	3656.69	66.62	629.85	144.71	1811.76	9783.59	67.74	67.25	335.32	1.93	8.25	21.22	46.75	31.22	67.97	130.34	9.92	7.28	1.13	8.41	9.04	1.37	0.23	1.54	1.44	0.02	0.88	0.67	0.06	13.06	3.55	1.59	43.8	1.88	0.13	0.17	0.73	0.04	0.02	104.81	2.54	2.23
340.16	1217.23	11.43	476.86	3.89	616.33	11.05	1200.91	630.91	547.79	3694.22	66.62	631.98	146.41	1793.21	10236.15	68.52	69.32	341.87	1.93	8.17	20.45	44.5	31.71	64.51	129.14	11.84	8.04	0.76	8.8	8.85	2.52	0.33	2.77	1.62	0.17	0.63	0.72	0.02	13.03	3.54	1.61	43.83	1.87	0.15	0.16	0.71	0.04	0.02	105.09	2.53	2.2
339.35	1191.3	7.28	684.47	3.89	623.56	11.02	651.99	599.13	540.98	3715.05	67.56	635.68	139.78	1795.06	12501.89	65.2	68.09	349.93	1.95	8.34	23.52	43.5	35.1	67.02	131.84	8.22	10.1	1.17	11.27	7.69	2.21	0.33	2.46	1.81	0	0.81	0.64	0	12.82	3.68	1.66	43.81	1.9	0.14	0.17	0.73	0.051	0.024	106.03	2.4	2.22
339.92	1242.18	7.09	689.32	3.9	630.7	11	650.8	627.39	541.08	3502.04	65.97	633.8	157.84	2031.09	9943.39	65.39	68.18	321.47	1.95	7.78	23.33	42.08	35.67	65.41	104.92	11.42	7.65	1.25	8.9	9.28	1.52	0.04	1.55	1.61	0.08	0.82	0.7	0.23	12.94	3.63	1.62	43.84	1.85	0.14	0.16	0.72	0.04	0.03	105.46	2.46	2.24
341.07	1232.52	7.1	708.59	3.9	619.9	11.01	650.79	617.56	555.68	3522.45	65.63	641.93	154.6	1931.34	9849.74	62.97	69.11	330.47	1.96	8.23	22.51	43.23	34.24	65.74	121.66	11	9.6	0.62	10.22	7.38	1.87	0.26	2.07	1.75	0.02	0.8	0.85	0.11	12.99	3.54	1.59	43.98	1.8	0.13	0.16	0.7	0.04	0.02	105.77	2.53	2.23
341.06	1222.86	6.51	723.43	3.89	619.57	11.05	650.78	596.63	558.38	3559.52	66.58	638.93	158.83	1869.72	9808.36	68.15	67.94	340.53	1.95	7.93	23.37	40.98	36.32	64.36	124.02	12.8	8.96	0.21	9.17	9.07	1.37	0.18	1.5	1.58	0.04	0.67	0.76	0	12.99	3.71	1.61	43.72	1.83	0.13	0.18	0.72	0.031	0.026	104.6	2.44	2.3
341.28	1184.21	5.94	820.84	3.82	571.92	11.27	1266.23	642.33	556.07	3615.64	66.02	632.72	149.1	1871.76	10039.53	72.46	68.17	314.91	1.94	8.45	19.63	48.26	28.91	67.89	124.05	6.87	7.45	0.69	8.14	11.74	1.78	0.41	2.09	1.49	0.07	0.65	0.96	0	12.86	3.63	1.6	44.05	1.8	0.13	0.16	0.68	0.04	0.03	106.58	2.46	2.27
341.01	512.23	6.33	947.28	3.91	590.79	11.03	1294.59	634.15	554.51	3605.36	65.97	635.63	149.6	1872.95	10280.69	74.44	68.24	330.88	1.96	8.55	22.45	47.55	32.07	70	109.07	6.5	7	1.14	8.14	10.78	1.04	0.15	1.15	1.74	0.05	0.55	0.91	0.13	12.65	3.62	1.76	44.05	1.87	0.1	0.18	0.67	0.05	0.03	107.87	2.35	2.06
340.86	673.26	9.76	687.58	3.9	577.22	11.02	1296.2	638.74	554.11	3593.43	65.73	633.29	150.27	1867.19	10286.72	80	67.6	345.41	1.95	8.03	20.01	48.78	29.09	68.79	126.49	8.11	6.82	1.46	8.27	9.79	1.3	0.22	1.47	1.94	0.07	0.72	0.79	0	12.85	3.63	1.62	43.87	1.97	0.11	0.19	0.68	0.03	0.03	106.18	2.45	2.24
340.53	1034.58	5.61	900.38	3.9	581.3	10.93	1269.69	674.57	526.19	3574.37	62.88	627.31	172.51	1938.47	9838.19	84.08	67.77	344.26	1.94	9.55	21.38	43.79	32.81	65.17	100.5	12.3	5.8	2.07	7.87	9.36	1.03	0.16	1.14	1.97	0.19	0.95	0.83	0.23	13.05	3.5	1.54	43.7	2.06	0.14	0.2	0.71	0.029	0.022	104.87	2.59	2.27
340.03	972.65	7.21	710.51	3.9	562.19	11.07	1269.4	681.43	553.98	3630.36	63.89	630.54	153.18	1806.08	9924.15	71.02	68.39	333.63	1.95	8.36	21.19	44.94	32.05	66.13	131.06	11.99	7.21	1.01	8.21	8.93	1.3	0.19	1.44	1.67	0.03	0.76	0.78	0.01	13.29	3.47	1.57	43.5	2.06	0.11	0.19	0.71	0.016	0.022	102.77	2.64	2.21
340.66	1242.98	8.9	617.22	3.9	565.61	11.03	1229.84	693.83	551.79	3696.39	65.25	626.69	155.28	1756.7	10729.92	74.62	67.48	347.75	1.95	8.37	23.34	43.24	35.06	66.58	114.98	11.06	7.75	0.75	8.51	8.25	1.91	0.19	2.06	1.81	0.5	0.51	0.9	0.23	13.29	3.51	1.61	43.48	2.01	0.11	0.19	0.71	0.03	0.02	102.55	2.6	2.18
332.6	1242.98	12.68	414.81	3.9	568.26	10.83	1285.59	643.07	541.72	3697.71	64.95	628.2	149.88	1789.42	9900.53	65.5	67.61	342.89	1.98	7.97	22.66	41.69	35.22	64.35	119.5	9.31	7.7	3.11	10.82	7.58	3.71	0.43	4.03	2.11	0.13	1.08	0.49	0	12.69	3.65	1.72	43.77	2.02	0.15	0.19	0.71	0.025	0.028	106.87	2.36	2.12
338.22	1242.98	8.61	533.06	3.91	561.66	10.99	1303.25	664.41	539.78	3701.48	65.17	630.29	149.01	1835.46	9982.58	66.24	68.69	344.57	1.96	8.24	21.68	43.9	33.06	65.58	126.65	9.04	10.57	0.69	11.27	7.75	2.14	0.37	2.42	1.98	0.1	0.91	0.86	0	12.46	3.72	1.68	43.99	2.01	0.14	0.17	0.74	0.02	0.027	108.97	2.31	2.21
340.19	1242.98	9.95	610.27	3.91	564.46	11.06	1285.74	677.29	544.1	3710.24	65.6	630.09	140.86	1826.46	11258.31	67.42	67.93	330.38	1.95	9.13	19.52	48.69	28.62	68.21	124.07	11.57	10.67	0.84	11.51	7.38	2.13	0.25	2.32	2.06	0.03	0.75	0.82	0	12.48	3.71	1.68	43.9	2.02	0.17	0.2	0.73	0.03	0.02	108.63	2.32	2.21
323.76	1242.98	8.85	336.62	3.89	574.05	10.5	1138.55	604.44	522.09	3675.36	62.91	627.59	140.28	1821.31	7727.68	61.92	69.12	281.21	2.05	8.55	24.01	38.55	38.38	62.55	102.7	12.48	10.17	1.7	11.86	6.55	2.6	0.25	2.79	1.94	0.02	1	0.67	0.07	12.62	3.72	1.67	43.83	2.05	0.11	0.17	0.73	0.027	0.027	107.4	2.34	2.23
340.75	1242.98	11.27	274.35	3.9	564.03	11.08	662.05	621.1	516.66	3632.55	62.36	628.91	147.75	1940.86	8774.61	67.11	67.58	310.88	1.94	8.26	25.43	38.53	39.76	63.96	102.13	10.53	9.41	1.24	10.65	7.58	2.79	0.22	2.95	2.01	0.04	1.05	1.08	0.09	12.71	3.84	1.72	43.49	2.02	0.2	0.18	0.74	0.024	0.027	105.46	2.29	2.23
340.9	1242.98	8.81	614.5	3.92	569.42	11.08	1105.26	646.64	523.2	3595.42	61.8	627.84	149.36	1948.1	8233.48	68.14	68.97	351.14	1.95	8.01	20.45	44.27	31.6	64.72	124.42	10.94	9.77	0.22	9.99	7.6	2.7	0.48	2.83	2.1	0.01	0.59	1.08	0.02	12.78	3.71	1.68	43.62	2.08	0.11	0.19	0.72	0.02	0.02	105.74	2.37	2.21
340.98	1239.49	7.28	619.07	3.83	598.9	11.2	665.74	634.28	532.21	3532.19	63.73	628	166.13	1934.69	6983	70.64	68.96	311.41	1.93	8.14	21.38	40.82	34.37	62.2	129.32	12.59	9.84	0.71	10.55	7.77	2.97	0.42	3.29	2.02	0	0.73	0.76	0	13.02	3.88	1.64	42.66	2.2	0.58	0.22	0.7	0.032	0.028	101.33	2.36	2.37
340.86	1239.23	9.47	648.43	3.83	634.12	11.28	656.51	632.66	532.73	3572.56	63.25	631.37	162.56	1920.96	7009.86	73.02	66.28	337.79	1.96	8.37	23.25	42.59	35.32	65.84	125.38	8.83	10.54	0.61	11.15	7.63	2.24	0.28	2.45	2.27	0.04	0.72	0.84	0.17	12.68	3.75	1.74	43.72	2.03	0.1	0.17	0.7	0.023	0.027	106.48	2.31	2.16
337.9	1238.97	12.61	400.33	3.91	573.32	10.99	650.76	718.5	542.25	3654.19	62.94	636.03	153.92	1905.59	8505.63	72.51	67.78	371.2	1.96	8.29	21.65	41.84	34.1	63.48	136.16	10.24	9.46	0.49	9.95	7.07	4.33	0.64	4.81	2.09	0.11	0.74	1.05	0.29	12.54	3.71	1.72	43.91	2.03	0.11	0.1	0.69	0.02	0.03	108.13	2.31	2.16
336.35	1238.72	8.65	452.88	3.86	715.61	10.86	650.77	685.61	544.23	3679.24	64.21	633.73	151.85	1744.47	9507.34	77.67	63.77	340.17	1.97	8.28	20.9	42.08	33.18	62.98	127.56	11.85	10.3	0.26	10.56	6.83	3.74	0.45	4.08	2.2	0.07	0.58	0.71	0.03	12.75	3.65	1.69	43.77	2.04	0.13	0.2	0.67	0.03	0.03	106.48	2.39	2.16
341.4	1238.46	8.66	321.37	3.72	598.46	11.19	1086.12	698	541.61	3694.38	65.46	626.78	153.78	1784.86	10176.73	77.36	68.71	364.08	1.94	8.09	24.66	38.44	39.08	63.1	125.5	11.66	9.77	0.47	10.24	6.23	4.11	0.56	4.53	2.21	0.2	0.69	0.87	0.14	12.79	3.63	1.68	43.52	2.02	0.21	0.37	0.69	0.01	0.024	105.66	2.41	2.16
339.76	1238.2	7.8	582.36	3.68	627.59	11.28	679.57	710.18	537.94	3610.94	66.47	627.25	156.85	1927.79	9044.01	79.86	68.23	359.94	1.95	8.37	20.96	43.74	32.4	64.7	129.74	10.73	9.41	1.54	10.95	7.16	2.17	0.36	2.44	2.27	0.02	0.83	0.81	0	12.67	3.69	1.71	43.67	2.12	0.14	0.2	0.69	0.03	0.03	106.66	2.35	2.16
341.07	1241.13	7.64	518.52	3.9	632.86	11.08	1013.4	676.82	542.28	3656.83	67.24	631.92	151.93	1776.05	9790.09	70.93	67.94	323.19	1.94	8.26	20.01	42.31	32.11	62.32	124.66	12.77	10.32	0.85	11.18	6.73	2.48	0.55	2.89	2.28	0.05	0.72	0.91	0.01	12.74	3.63	1.71	43.74	2.09	0.11	0.2	0.69	0.03	0.02	106.51	2.39	2.12
340.93	1235.54	7.3	577.97	3.9	646.95	11.04	1186.46	686.48	547.65	3671.87	66.48	635.03	148.77	1772.96	9689.74	68.53	68.51	331.2	1.96	8.3	18.1	46.55	28	64.65	124.26	9.83	9.12	1.45	10.57	8.59	1.91	0.46	2.26	2.33	0.03	0.67	0.86	0.11	12.71	3.76	1.75	43.57	2.11	0.11	0.19	0.71	0.04	0.03	105.85	2.31	2.15
341.11	1228.25	7.38	642.06	3.83	690.75	11.01	942.45	686.82	549.05	3681.59	65.85	637.4	146.92	1773.86	9613.59	71.56	68.1	311.79	1.93	8.44	21.42	43.12	33.19	64.54	135.22	10.47	8.98	0.5	9.48	9.57	1.88	0.35	2.14	2.13	0.07	0.58	0.91	0.02	12.72	3.69	1.72	43.69	2.08	0.12	0.2	0.68	0.04	0.03	106.33	2.35	2.15
341.43	1207.46	7.31	664.91	3.23	583.07	13.22	651.3	678.92	550.02	3648.19	65.82	633.73	145.23	1775.28	11013.79	72.81	67.57	331.77	1.93	8.53	22.44	44.45	33.55	66.89	132.87	8.97	8.83	1.19	10.02	7.74	1.69	0.45	2.03	2.48	0	0.59	1.12	0.05	12.68	3.69	1.72	43.7	2.11	0.12	0.19	0.69	0.04	0.03	106.65	2.34	2.15
340.37	1238.16	7.15	761.57	3.82	635.96	11.03	1135.32	674.55	546.6	3612.61	65.85	627.68	145.51	1769.16	9963.17	71.92	68.5	366.08	1.95	8.36	21.76	44.38	32.89	66.14	129.99	9.95	8.81	0.85	9.66	8.81	1.18	0.36	1.45	2.21	0	0.61	1.01	0.07	12.61	3.64	1.73	43.85	2.07	0.11	0.21	0.67	0.026	0.04	107.67	2.35	2.1
340.92	1231.06	7.02	802.44	3.84	718.25	11.02	801.26	660.43	543.16	3690.29	66.09	629.35	145.91	1762.05	8754.6	82.99	68.36	326.68	1.91	8.76	19.35	42.9	31.08	62.25	128.68	12.51	9.86	0.57	10.43	7.57	2.52	0.69	3.04	2.47	0.04	0.7	0.84	0	12.82	3.64	1.71	43.49	2.12	0.16	0.27	0.68	0.05	0.03	105.3	2.4	2.13
340.2	1223.96	6.63	756.22	3.81	657.71	11.18	1235.29	675.84	552.57	3715.51	66.2	633.49	144.95	1776.74	9707.32	72.08	66.81	332.56	1.94	8.5	19.49	47.87	28.94	67.36	135.14	9	9.48	0.4	9.87	7.81	1.91	0.53	2.31	2.15	0.02	0.47	0.85	0.02	12.76	3.63	1.68	43.66	2.13	0.17	0.2	0.68	0.04	0.03	106.22	2.4	2.16
341.19	1089.2	6.18	906.28	3.85	693.2	11.03	1239.01	622.44	562.3	3710.96	65.89	633.01	143.96	1794.26	9939.78	74.12	69.05	339.01	1.94	8.55	21.48	45.25	32.2	66.73	131.08	8.9	10	0.51	10.51	8.24	1.31	0.38	1.59	2.3	0.06	0.7	0.88	0	12.73	3.64	1.67	43.68	2.14	0.16	0.2	0.68	0.04	0.03	106.47	2.4	2.18
328.91	1154	7.42	622.24	3.9	634.17	10.59	1215.2	673.99	547.32	3669	62.88	629.65	143.36	1753.77	8518.86	66.85	67.63	331.91	2	8.57	22.01	41.62	34.59	63.63	123.57	10.37	10.9	0.94	11.84	7.12	2.82	0.5	3.19	2.38	0.02	0.62	0.7	0	12.68	3.69	1.64	43.71	2.15	0.14	0.2	0.69	0.03	0.03	106.81	2.38	2.25
340.91	1206.64	6.46	803.83	3.89	705.71	11.02	1276.07	655.4	548.2	3634.33	64.97	627.26	141.33	1766.23	10152.1	80.32	67.56	340.62	1.94	8.67	22.26	45.03	33.08	67.29	103.21	8.61	10.3	0.8	11.1	7.12	1.46	0.31	1.69	2.21	0.05	0.79	0.96	0.09	12.66	3.67	1.68	43.76	2.13	0.12	0.19	0.68	0.04	0.03	107.07	2.37	2.18
340.81	1221.95	7.26	676.39	2.97	532.73	15.64	1199.25	631.23	547.23	3604.62	66.06	625.01	138.69	1776.17	9606.41	81.64	65.86	329.23	1.94	8.38	19.41	43.87	30.67	63.29	130.83	11.65	9.74	0.92	10.66	8.08	1.67	0.44	2.01	2.42	0.09	0.75	0.94	0.01	12.76	3.72	1.67	43.58	2.16	0.11	0.21	0.7	0.05	0.029	105.77	2.37	2.23
340.57	1218.74	7.14	691.7	3.79	754.01	11.02	651.8	630.2	545.73	3623.17	65.88	628.24	137.43	1780.98	9690.75	80.48	68.83	349.02	1.95	8.48	21.47	45.09	32.26	66.57	130.18	8.93	10.33	0.6	10.92	7.69	1.57	0.27	1.77	2.37	0.01	0.54	1.07	0.07	12.87	3.74	1.67	43.38	2.17	0.16	0.21	0.7	0.049	0.03	104.44	2.38	2.24
341.17	1150.55	7.44	697.13	3.67	723.18	11.58	1212.61	634.5	544.06	3643.24	65.65	631.22	136.53	1789.05	10149.93	74.54	67.25	336.68	1.94	7.93	20.8	42.75	32.73	63.55	132.17	11.1	9.38	1.92	11.3	7.02	3.08	0.08	3.1	2.32	0.13	0.62	0.8	0	12.65	3.64	1.68	43.63	2.12	0.26	0.21	0.7	0.02	0.02	106.92	2.38	2.17
341.08	944.57	6.73	689.24	3.81	666.15	11.17	947.36	633.28	541.64	3667.04	65.18	633.18	137.59	1822.27	10432.15	77.32	67.45	334.61	1.92	7.92	19.96	44.3	31.06	64.26	113.69	11.15	9.93	1.74	11.67	6.53	2.01	0.12	2.11	2.26	0.05	1	0.89	0.06	12.65	3.72	1.67	43.64	2.17	0.11	0.2	0.74	0.03	0.03	106.71	2.35	2.23
346.15	1237.46	6.89	786.85	3.84	664.51	11.33	1276.23	646.71	540.58	3674.61	64.81	633.56	148.48	1865	9831.42	76.11	64.27	348.01	1.9	8.34	20.57	41.35	33.22	61.91	120.19	12.17	9.87	1.54	11.41	7.05	2.68	0.37	2.96	2.59	0.02	0.8	0.95	0.05	12.58	3.63	1.66	43.69	2.13	0.29	0.2	0.72	0.02	0.03	107.65	2.38	2.19
314.4	1175.06	7.88	750.11	3.17	552.27	12.56	1313.38	673.48	542.11	3659.84	64.75	628.73	147.59	1861.15	9747.39	72.87	54.41	306.2	2.11	8.32	21.41	41.47	34.05	62.88	122.03	11.54	10.11	1.43	11.54	6.72	2.45	0.5	2.86	2.56	0	0.82	0.85	0.14	12.58	3.67	1.67	43.74	2.18	0.13	0.2	0.74	0.043	0.025	107.63	2.36	2.2
338.11	1235.65	7.21	766.72	3.83	696.88	10.91	1287.4	649.79	545.95	3658.06	65.03	626.54	144.81	1859.66	9766.84	82.44	64.27	362.33	1.95	7.93	26.4	34.76	43.16	61.15	103.71	11.89	10.87	1.19	12.06	6.52	3.66	0.31	3.89	2.61	0.42	0.77	0.63	0	12.64	3.72	1.72	43.58	2.16	0.13	0.19	0.76	0.03	0.03	106.55	2.32	2.16
341.11	1044.75	7.4	930.14	3.87	697.43	11.04	1311.84	655.04	553.8	3649.63	66.25	631.38	143.42	1862.65	9845.18	83.21	65.6	355.99	1.93	7.96	20.53	45.35	31.16	65.87	112.94	8.83	10.23	1.5	11.74	7.55	1.19	0.32	1.43	2.42	0.02	0.92	0.98	0.15	12.53	3.68	1.72	43.76	2.16	0.1	0.19	0.76	0.04	0.03	107.93	2.32	2.14
342.34	1154.07	7.19	875.2	3.9	686.89	11.08	1299.24	632.21	556.66	3636.09	66.84	635.35	147.16	1863.49	9866.89	76.32	69.07	314.25	1.92	8.45	22.84	40.56	36.03	63.4	125.87	10.37	9.29	2.06	11.35	6.9	2.84	0.46	3.18	2.4	0.12	1.03	0.96	0.18	12.53	3.71	1.71	43.69	0.11	0.2	0.76	0	0.04	0.03	107.68	2.31	2.17
340.55	991.5	6.95	874.75	3.91	671.18	11.04	1278.13	621.31	552.19	3638.17	66.04	637.39	149.57	1860.19	9849.87	68.91	67.33	326.25	1.94	8.08	20.19	45.55	30.71	65.75	104.15	9.13	8.53	2.27	10.81	8.39	1.51	0.23	1.69	2.32	0.03	0.78	0.89	0.16	12.67	3.75	1.74	43.42	2.23	0.11	0.2	0.78	0.03	0.03	105.82	2.31	2.16
340.33	1243.54	6.45	884.94	3.9	685.59	11.06	1269.74	640.56	549.22	3651.67	63.16	641.77	150.65	1853.61	9814.12	65.82	67.86	360.54	1.93	8.43	19.85	45.08	30.57	64.93	123.69	10.09	9.75	2.18	11.93	7.08	1.53	0.26	1.72	2.36	0.03	0.89	0.75	0.16	12.61	3.72	1.93	43.37	2.18	0.11	0.2	0.78	0.031	0.026	105.9	2.23	1.93
345.82	1243.32	7.39	720.8	3.88	621.33	11.21	655.48	628.53	515.71	3529.11	60.43	628.02	142.68	1802.93	8970.6	81.62	66.59	358.35	1.9	8.21	20.16	41.46	32.71	61.62	121.66	12.32	9.46	2.15	11.61	7.6	2.16	0.24	2.35	2.53	0.05	0.93	0.85	0.09	12.65	3.76	1.73	43.44	2.22	0.1	0.2	0.79	0.033	0.029	106	2.3	2.17
345.94	1243.1	7.04	760.28	3.78	658.3	11.21	1310.13	644.77	554.5	3653.96	63.33	619.34	144.21	1838.61	9498.72	78.26	67.11	358.98	1.92	7.95	22.23	43.19	33.98	65.43	108.79	9.46	10.21	2.17	12.38	6.38	1.76	0.32	2	2.38	0.09	0.9	0.81	0.08	12.51	3.77	1.73	43.54	2.22	0.12	0.2	0.8	0.04	0.03	107.24	2.27	2.18
