Tipo 	xIL 	xMDEA 	Temperaura	Densidade_ líquido	Massa_líquido	nmolsCO2	QP
MixILMDEA	0	0.2	303.15	1.0145	11.0355	0.0144668895	9.25
MixILMDEA	0	0.15	303.15	1.0102	10.3882	0.0033145683	7.83461
MixILMDEA	0	0.1	303.15	1.0059	11.0441	0.0011544897	7.39461
MixILMDEA	0	0.05	303.15	1.0031	10.3937	-0.0035435243	6.84461
MixILMDEA	0	0.2	323.15	1.005	10.6233	0.0120789005	9.655
MixILMDEA	0	0.15	323.15	1.0022	11.4603	0.0096267743	9.105
MixILMDEA	0	0.1	323.15	0.9986	10.4219	0.0038943975	8.235
MixILMDEA	0	0.05	323.15	0.9952	10.259	0.0007743598	7.695
H2O	0	0	303.15	0.9956	10.18	-0.0078318208	6.32461
H2O	0	0	323.15	0.988	10.0174	-0.0029336191	7.065
MixILMDEA	0.4	0	323.15	1.0509	10.2877	-0.0010713363	7.465
MixILMDEA	0.2	0	323.15	1.0159	9.5686	-0.0026898222	7.245
MixILMDEA	0.1	0	323.15	1.0062	9.9642	-0.0023067476	7.225
MixILMDEA	0.05	0	323.15	0.9926	10.0288	-0.0024431267	7.155
MixILMDEA	0.4	0	303.15	1.0525	10.0279	-0.0063275079	6.64461
MixILMDEA	0.2	0	303.15	1.0197	10.1274	-0.0071390292	6.48461
MixILMDEA	0.1	0	303.15	1.0123	9.527	-0.0081592847	6.39461
MixILMDEA	0.05	0	303.15	1.0015	9.5355	-0.0082302767	6.37461
MixILMDEA	0.4	0.2	303.15	1.0788	10.7276	0.0104035094	9.00461
MixILMDEA	0.4	0.1	303.15	1.0702	9.3436	0.0007335294	7.87461
MixILMDEA	0.2	0.2	303.15	1.0483	9.0075	0.0059598909	8.41461
MixILMDEA	0.2	0.1	303.3	1.0374	9.5104	0.0050497438	8.305
MixILMDEA	0.4	0.2	323.15	1.0691	9.9866	0.0117606546	9.915
MixILMDEA	0.4	0.1	323.15	1.0662	10.684	0.0063005058	8.795
MixILMDEA	0.2	0.2	323.15	1.04	10.6417	0.0127439902	9.945
MixILMDEA	0.2	0.1	323.15	1.0319	10.5904	0.0058426825	8.685
BmimSLS	0.3	0	303.15	1.0095	9.3242	-0.0077142679	6.57461
BmimSLS	0.3	0	323.15	1.0041	9.7285	-0.0022230004	7.335
BmimSLS	0.5	0	303.15	1.0179	9.3583	-0.0075464449	6.62461
BmimSLS	0.5	0	323.15	1.008	9.7824	-0.0018106675	7.435
BmimSLES	0.3	0	303.15	1.0122	9.3421	-0.0080545834	6.61461
BmimSLES	0.3	0	323.15	1.0042	9.7265	-0.0018800362	7.435
H2O	1	0	303.15	1	10.18	-0.0078789405	6.32461
H2O	1	0	323.15	1	10.0174	-0.0030448838	7.065
N4444BF4	1	0	303.15	0.5753	8.9109	-0.008986619	5.59
N4444BF4	1	0	323.15	0.5749	8.3144	-0.0061298128	5.8
P4444BF4	1	0	303.15	0.5811	8.8134	-0.0092370035	5.61
P4444BF4	1	0	323.15	0.581	8.9211	-0.0060228756	5.68

