MDEA%	IL%	PressãoInicial	Temperatura	Fração molar 
20	0	0	30	0.0543505979
15	0	0	30	0.0431793403
10	0	0	30	0.0354524009
5	0	0	30	0.0284254886
20	0	0	50	0.0483266202
15	0	0	50	0.039323983
10	0	0	50	0.0317899999
5	0	0	50	0.0259445155
0	40	40	50	0.0343885899
0	20	20	50	0.0257033787
0	10	10	50	0.0229556807
0	5	5	50	0.0214348468
0	40	40	30	0.0375292094
0	20	20	30	0.0277252263
0	10	10	30	0.0243818903
0	5	5	30	0.0231674013
20	40	40	30	0.100907816
10	40	40	30	0.0689995089
20	20	20	30	0.0729204341
10	20	20	30	0.046835831
20	40	40	50	0.0918974587
10	40	40	50	0.0582355579
20	20	20	50	0.064847263
10	20	20	50	0.043767204

