
pres 	Densidade(303.15)	Densidade(323.15)
20	38.8381003903	35.5992834438
21	41.029754221	37.5510908989
22	43.2508328111	39.5219742896
23	45.5023396362	41.5123786607
24	47.7853334805	43.5227651741
25	50.1009326832	45.5536118851
26	52.4503198083	47.605414566
27	54.8347467918	49.6786875794
28	57.255540625	51.7739648066
29	59.7141096447	53.8918006338
30	62.21195051	56.0327710013
31	64.7506559601	58.1974745195
35	75.3498550911	67.1064546394
36	78.1208039242	69.399684377
37	80.9447559324	71.7207874827
38	83.8242874933	74.0705594357
39	86.7621792218	76.4498304956
40	89.7614388613	78.8594677368
41	92.8253275444	81.3003772167
42	95.9573900472	83.7735063332
43	99.1614897969	86.2798463347
44	102.4418495702	88.8204350336
45	105.8030990473	91.3963597294
46	109.2503306721	94.0087603606
47	112.7891656482	96.6588329092
48	116.4258323888	99.3478330815
49	120.1672603906	102.0770802905
50	124.0211933673	104.8479619712
51	127.9963266508	107.6619382608

