temp	pres	densidade
290	1.5	29.9892176728
300	1.5	28.6743578778
310	1.5	27.4950261407
320	1.5	26.4277781042
330	1.5	25.45483959
340	1.5	24.5623896664
290	2	41.4392514212
300	2	39.4208791801
310	2	37.6454609682
320	2	36.0634988131
330	2	34.63943265
340	2	33.3467904645
290	2.5	53.8804924357
300	2.5	50.9366644628
310	2.5	48.4082902528
320	2.5	46.1962155155
330	2.5	44.2335108593
340	2.5	42.4727071337
290	3	67.5698682578
300	3	63.3768406341
310	3	59.8824361693
320	3	56.8914790597
330	3	54.2817385284
340	3	51.9711999297
290	3.5	82.8928858133
300	3.5	76.9531582441
310	3.5	72.1943804619
320	3.5	68.2291518415
330	3.5	64.8365377262
340	3.5	61.8776496617
290	4	100.4751295241
300	4	91.9669358004
310	4	85.5097180949
320	4	80.3078760224
330	4	75.9599098857
340	4	72.2325111535
290	4.5	121.4601179728
300	4.5	108.8712609511
310	4.5	100.0516317644
320	4.5	93.2514353915
330	4.5	87.7258050374
340	4.5	83.0822184664
290	5	148.4184039782
300	5	128.4017979229
310	5	116.1320375383
320	5	107.21806087
330	5	100.2232395328
340	5	94.4802725387
300	5.5	134.2076862756
310	5.5	134.2076862756
320	5.5	122.4144685586
330	5.5	113.5604476144
340	5.5	106.4885447709
290	5.25	166.2374564742
300	5.25	139.5292020119
310	5.25	124.8838350175
320	5.25	114.6472026909
330	5.25	106.7792157365
340	5.25	100.4038968333

