temp	pres	densidade
290	15	29.9892176728
300	15	28.6743578778
310	15	27.4950261407
320	15	26.4277781042
330	15	25.45483959
340	15	24.5623896664
290	20	41.4392514212
300	20	39.4208791801
310	20	37.6454609682
320	20	36.0634988131
330	20	34.63943265
340	20	33.3467904645
290	25	53.8804924357
300	25	50.9366644628
310	25	48.4082902528
320	25	46.1962155155
330	25	44.2335108593
340	25	42.4727071337
290	30	67.5698682578
300	30	63.3768406341
310	30	59.8824361693
320	30	56.8914790597
330	30	54.2817385284
340	30	51.9711999297
290	35	82.8928858133
300	35	76.9531582441
310	35	72.1943804619
320	35	68.2291518415
330	35	64.8365377262
340	35	61.8776496617
290	40	100.4751295241
300	40	91.9669358004
310	40	85.5097180949
320	40	80.3078760224
330	40	75.9599098857
340	40	72.2325111535
290	45	121.4601179728
300	45	108.8712609511
310	45	100.0516317644
320	45	93.2514353915
330	45	87.7258050374
340	45	83.0822184664
290	50	148.4184039782
300	50	128.4017979229
310	50	116.1320375383
320	50	107.21806087
330	50	100.2232395328
340	50	94.4802725387
300	55	134.2076862756
310	55	134.2076862756
320	55	122.4144685586
330	55	113.5604476144
340	55	106.4885447709
290	52.5	166.2374564742
300	52.5	139.5292020119
310	52.5	124.8838350175
320	52.5	114.6472026909
330	52.5	106.7792157365
340	52.5	100.4038968333

