temp	pres	densidade
290	2	41.4392514212
300	2	39.4208791801
310	2	37.6454609682
320	2	36.0634988131
330	2	34.63943265
340	2	33.3467904645
290	2.5	53.8804924357
300	2.5	50.9366644628
310	2.5	48.4082902528
320	2.5	46.1962155155
330	2.5	44.2335108593
340	2.5	42.4727071337
290	3	67.5698682578
300	3	63.3768406341
310	3	59.8824361693
320	3	56.8914790597
330	3	54.2817385284
340	3	51.9711999297
290	3.1	70.4882467789
300	3.1	65.9931378524
310	3.1	62.2731566386
320	3.1	59.10476838
330	3.1	56.3503397074
340	3.1	53.9186370806
290	2.75	60.5489688199
300	2.75	57.0295901429
310	2.75	54.0493001013
320	2.75	51.4689179558
330	2.75	49.1977805264
340	2.75	47.1732796362
290	2.25	47.5221394328
300	2.25	45.0739770074
310	2.25	42.9446864035
320	2.25	41.0639285503
330	2.25	39.3826581215
340	2.25	37.8652113977
290	2.1	43.8413086294
300	2.1	41.6581662973
310	2.1	39.746197011
320	2.1	38.0483620672
330	2.1	36.5241594985
340	2.1	35.1437154187
290	2.4	51.3020263918
300	2.4	48.5651865736
310	2.4	46.2023244906
320	2.4	44.1269487296
330	2.4	42.2798942173
340	2.4	40.618769536
290	2.6	56.5084937003
300	2.6	53.3449422415
310	2.6	50.6426221011
320	2.6	48.2879388931
330	2.6	46.2052688233
340	2.6	44.3415340033

