temp	pres	densidade
290	1.9	39.0766090784
300	1.9	37.2142448047
310	1.9	35.5691576428
320	1.9	34.0984802355
330	1.9	32.7710650414
340	1.9	31.5635143727
290	2	41.4392514212
300	2	39.4208791801
310	2	37.6454609682
320	2	36.0634988131
330	2	34.63943265
340	2	33.3467904645
290	2.1	43.8413086294
300	2.1	41.6581662973
310	2.1	39.746197011
320	2.1	38.0483620672
330	2.1	36.5241594985
340	2.1	35.1437154187
290	2.2	46.2845213249
300	2.2	43.9271982631
310	2.2	41.8720811563
320	2.2	40.0535535723
330	2.2	38.4255801801
340	2.2	36.9545247904
290	2.3	48.7707576167
300	2.3	46.2291304399
310	2.3	44.0238621997
320	2.3	42.0795753336
330	2.3	40.3440397633
340	2.3	38.7794602021
290	2.4	51.3020263918
300	2.4	48.5651865736
310	2.4	46.2023244906
320	2.4	44.1269487296
330	2.4	42.2798942173
340	2.4	40.618769536
290	2.5	53.8804924357
300	2.5	50.9366644628
310	2.5	48.4082902528
320	2.5	46.1962155155
330	2.5	44.2335108593
340	2.5	42.4727071337

