Temperatura(K)	Pressão (Mpa)	densidade(kg/m³)
290	1	19.349
295	1	18.955
300	1	18.579
305	1	18.221
310	1	17.878
315	1	17.549
320	1	17.234
325	1	16.932
330	1	16.641
335	1	16.361
340	1	16.092
345	1	15.832
350	1	15.581
290	2	41.438
295	2	40.395
300	2	39.42
305	2	38.506
310	2	37.645
315	2	36.832
320	2	36.063
325	2	35.333
330	2	34.639
335	2	33.977
340	2	33.346
345	2	32.743
350	2	32.165
290	3	67.568
295	3	65.368
300	3	63.376
305	3	61.556
310	3	59.881
315	3	58.332
320	3	56.89
325	3	55.544
330	3	54.281
335	3	53.092
340	3	51.97
345	3	50.908
350	3	49.901
290	4	110.47
295	4	95.884
300	4	91.965
305	4	88.543
310	4	85.508
315	4	82.781
320	4	80.306
325	4	78.043
330	4	75.958
335	4	74.028
340	4	72.231
345	4	70.552
350	4	68.976
290	5	148.41
295	5	136.85
300	5	128.4
305	5	121.69
310	5	116.13
315	5	111.37
320	5	107.22
325	5	103.53
330	5	100.22
335	5	97.221
340	5	94.478
345	5	91.955
350	5	89.619
300	6	182.31
305	6	166.26
310	6	154.99
315	6	146.25
320	6	139.11
325	6	133.08
330	6	127.87
335	6	123.27
340	6	119.18
345	6	115.48
350	6	112.12


