temp	pres	densidade
290	2.8	61.9234413208
300	2.8	58.2778543519
310	2.8	55.2000530957
320	2.8	52.5411223829
330	2.8	50.2047873249
340	2.8	48.1249342183
290	2.9	64.7161231735
300	2.9	60.8057135186
310	2.9	57.5251052256
320	2.9	54.7038267874
330	2.9	52.2333697841
340	2.9	50.0400648833
290	3	67.5698682578
300	3	63.3768406341
310	3	59.8824361693
320	3	56.8914790597
330	3	54.2817385284
340	3	51.9711999297
290	3.1	70.4882467789
300	3.1	65.9931378524
310	3.1	62.2731566386
320	3.1	59.10476838
330	3.1	56.3503397074
340	3.1	53.9186370806
290	3.05	69.0207420441
300	3.05	64.6792189118
310	3.05	61.0735509661
320	3.05	57.9948748791
330	3.05	55.3134815936
340	3.05	52.9428618219
290	2.95	66.1351473661
300	2.95	62.0857527499
310	2.95	58.6996678027
320	2.95	55.7944920404
330	2.95	53.2550533347
340	2.95	51.0036134374

