pres	Densidade(1)	Densidade(2)
2.127	41.6265047243	38.0813311973
2.224	43.7883804297	39.9978739142
2.252	44.4177533095	40.55451957
2.3	45.5023396362	41.5123786607
2.093	40.8753920092	37.413848528
2.161	42.3810492117	38.7510326242
2.252	44.4177533095	40.55451957
2.304	45.5930475957	41.5924073383
2.368	47.0512827704	42.8772386541
2.372	47.1428578282	42.9578154431
2.341	46.4344965782	42.3341935057
2.37	47.0970638477	42.9175229859
2.364	46.9597592894	42.7966943512
2.36	46.8682873131	42.7161825039
2	38.8381003903	35.5992834438
2.363	46.9368864696	35.5992834438
2.361	46.8911504826	42.7564343725
2.365	46.9826353283	42.8168273831
2.18	42.8042157164	39.1262504018
2.297	45.4343417266	41.4523781339
2.168	42.5368261831	38.8891893441
2.297	45.4343417266	41.4523781339
2.179	42.7819166592	39.1064846382
2.252	44.4177533095	40.55451957
2.166	42.4923034438	38.8497063145
2.271	44.8462090278	40.9331249593

