
lig_rd	TYR80	VAL81	GLU121	TYR123	GLU177	ARG180	GLU208	TRP211	IC50	type	rd
1mx_hard_comp	16.50802321	13.21693107	4.93734944	12.86438342	10.67815621	16.55894834	9.97522628	15.88509398	209	comp	hardness
1mx_hard_pro	23.22294702	15.05922229	5.73272686	14.3538239	11.19930588	18.07468196	10.5289202	17.10630078	209	pro	hardness
1mx_hard_chg	-6.71492381	-1.84229122	-0.79537742	-1.48944048	-0.52114967	-1.51573362	-0.55369392	-1.2212068	209	change	hardness
1mx_EAS_comp	0	0.00000026	0	0	0	0	0	0.00000001	209	comp	EAS
1mx_EAS_pro	0.99978444	0.00007675	0.00000015	0	0	0.00000028	0	0.00000001	209	pro	EAS
1mx_EAS_chg	-0.99978444	-0.00007649	-0.00000015	0	0	-0.00000028	0	0	209	change	EAS
1mx_NAS_comp	0.00000373	0	0.00000906	0.0001324	0.00000027	0.00000997	0.0000015	0.00000001	209	comp	NAS
1mx_NAS_pro	0	0	0	0.0000381	0.00000009	0.00000023	0.00000886	0.00000001	209	pro	NAS
1mx_NAS_chg	0.00000373	0	0.00000906	0.0000943	0.00000018	0.00000974	-0.00000736	0	209	change	NAS
1mx_RAS_comp	0.00000187	0.00000013	0.00000453	0.0000662	0.00000013	0.00000498	0.00000075	0.00000001	209	comp	RAS
1mx_RAS_pro	0.49989222	0.00003837	0.00000007	0.00001905	0.00000004	0.00000026	0.00000443	0.00000001	209	pro	RAS
1mx_RAS_chg	-0.49989035	-0.00003824	0.00000446	0.00004715	0.00000009	0.00000472	-0.00000368	0	209	change	RAS
jp2_hard_comp	15.33201271	11.87413324	4.04645673	14.63258349	16.37440996	26.72759603	13.80578298	28.98036214	230	comp	hardness
jp2_hard_pro	14.45631299	12.01250926	5.07364598	13.25644845	11.8437728	20.10226019	11.48022272	22.56049839	230	pro	hardness
jp2_hard_chg	-1.48250566	-1.72081365	-1.33969391	-0.45659247	1.1863375	2.25132389	1.23882843	2.39063912	230	change	hardness
jp2_EAS_comp	0.00000005	0	0	0.00044032	0.99891035	0.001426	0.00000334	1.99875916	230	comp	EAS
jp2_EAS_pro	13.40296334	11.38669982	4.75095281	12.91202399	11.03728666	18.02798467	10.60058785	19.37302619	230	pro	EAS
jp2_EAS_chg	-0.00000013	-0.000001	-0.00023284	-0.00000001	0.00000017	0.00000733	0.0000013	0.00010524	230	change	EAS
jp2_NAS_comp	0.00008399	0.00001437	0.0000283	0.00027965	0.00000035	0.00003056	0	0	230	comp	NAS
jp2_NAS_pro	0	0	0	0.00004762	0.00000001	0	0.00000042	0.00000013	230	pro	NAS
jp2_NAS_chg	0.00006733	0.00000694	0.00001531	0.0000475	0.00000265	0.00014467	-0.00000001	0	230	change	NAS
jp2_RAS_comp	0.00004202	0.00000718	0.00001415	0.00035998	0.49945535	0.00072828	0.00000167	0.99937958	230	comp	RAS
jp2_RAS_pro	0	0	0.00000011	0.00002195	0.00000002	0.00015914	0.00000423	0.49965272	230	pro	RAS
jp2_RAS_chg	0.00004202	0.00000718	0.00001404	0.00033803	0.49945533	0.00056914	-0.00000256	0.49972686	230	change	RAS
jp3_hard_comp	13.24609047	11.43311336	4.5361984	12.03904842	9.62638672	14.16125224	9.62476648	13.30171558	380	comp	hardness
jp3_hard_pro	12.40213918	11.02023284	4.54247612	12.04994355	9.47125751	13.68078985	9.53838292	12.85041182	380	pro	hardness
jp3_hard_chg	0.84395129	0.41288052	-0.00627772	-0.01089513	0.15512921	0.48046239	0.08638356	0.45130376	380	change	hardness
jp3_EAS_comp	0	0	0.00000005	0	0	0	0	0	380	comp	EAS
jp3_EAS_pro	0	0	0.00000004	0	0	0	0	0	380	pro	EAS
jp3_EAS_chg	0	0	0.00000001	0	0	0	0	0	380	change	EAS
jp3_NAS_comp	0.00000103	0.00000001	0	0.00000477	0.00014804	0.99978865	0.00000201	0.00001197	380	comp	NAS
jp3_NAS_pro	0.00000088	0	0	0.00000047	0.00015127	0.99983347	0.00000005	0.00001027	380	pro	NAS
jp3_NAS_chg	0.00000015	0.00000001	0	0.0000043	-0.00000323	-0.00004482	0.00000196	0.0000017	380	change	NAS
jp3_RAS_comp	0.00000051	0.00000001	0.00000002	0.00000238	0.00007402	0.49989432	0.000001	0.00000598	380	comp	RAS
jp3_RAS_pro	0.00000044	0	0.00000002	0.00000023	0.00007563	0.49991673	0.00000003	0.00000513	380	pro	RAS
jp3_RAS_chg	0.00000007	0.00000001	0	0.00000215	-0.00000161	-0.00002241	0.00000097	0.00000085	380	change	RAS
orb_hard_comp	13.76496183	11.56362649	4.35443395	10.90715543	8.43386684	14.41012096	7.99693975	14.53553539	70	comp	hardness
orb_hard_pro	20.60252836	12.63463923	5.37079166	20.1535285	12.43262842	20.32558135	12.66139091	21.82177233	70	pro	hardness
orb_hard_chg	-6.83756653	-1.07101274	-1.01635771	-9.24637307	-3.99876158	-5.91546039	-4.66445116	-7.28623694	70	change	hardness
orb_EAS_comp	0	0	0	0	0	0	0	0.00000001	70	comp	EAS
orb_EAS_pro	0.99720876	0.00102349	0.00001447	0.9957387	0.00208563	0.00089867	0.00000226	0.99698892	70	pro	EAS
orb_EAS_chg	-0.99720876	-0.00102349	-0.00001447	-0.9957387	-0.00208563	-0.00089867	-0.00000226	-0.99698891	70	change	EAS
orb_NAS_comp	0.00058057	0.00003747	0.00010402	0.00003403	0.00000097	0.00023957	0	0.00000009	70	comp	NAS
orb_NAS_pro	0.99479406	0.00186363	0.00000011	0.00004887	0.00133323	0.99912446	0.00004472	1.9945801	70	pro	NAS
orb_NAS_chg	-0.99421349	-0.00182616	0.00010391	-0.00001484	-0.00133226	-0.99888489	-0.00004472	-1.99458001	70	change	NAS
orb_RAS_comp	0.00029029	0.00001874	0.00005201	0.00001702	0.00000049	0.00011978	0	0.00000005	70	comp	RAS
orb_RAS_pro	0.99600141	0.00144356	0.00000729	0.49789379	0.00170943	0.50001156	0.00002349	1.49578451	70	pro	RAS
orb_RAS_chg	-0.99571112	-0.00142482	0.00004472	-0.49787677	-0.00170894	-0.49989178	-0.00002349	-1.49578446	70	change	RAS
19m_hard_comp	12.97380733	10.29169561	3.73395207	12.79985598	13.0301103	22.35358408	12.71905115	24.95113751	15	comp	hardness
19m_hard_pro	14.45631299	12.01250926	5.07364598	13.25644845	11.8437728	20.10226019	11.48022272	22.56049839	15	pro	hardness
19m_hard_chg	-1.48250566	-1.72081365	-1.33969391	-0.45659247	1.1863375	2.25132389	1.23882843	2.39063912	15	change	hardness
19m_EAS_comp	0	0	0	0	0.00000028	0.00083149	0.0000013	0.99912522	15	comp	EAS
19m_EAS_pro	0.00000013	0.000001	0.00023284	0.00000001	0.00000011	0.00082416	0	0.99901998	15	pro	EAS
19m_EAS_chg	-0.00000013	-0.000001	-0.00023284	-0.00000001	0.00000017	0.00000733	0.0000013	0.00010524	15	change	EAS
19m_NAS_comp	0.00006733	0.00000694	0.00001531	0.00009512	0.00000266	0.00014467	0.00000041	0.00000013	15	comp	NAS
19m_NAS_pro	0	0	0	0.00004762	0.00000001	0	0.00000042	0.00000013	15	pro	NAS
19m_NAS_chg	0.00006733	0.00000694	0.00001531	0.0000475	0.00000265	0.00014467	-0.00000001	0	15	change	NAS
19m_RAS_comp	0.00000187	0.00000013	0.00000453	0.0000662	0.00000013	0.00000498	0.00000075	0.00000001	15	comp	RAS
19m_RAS_pro	0.00003367	0.00000347	0.00000766	0.00004756	0.00000147	0.00048808	0.00000085	0.49956268	15	pro	RAS
19m_RAS_chg	0.0000336	0.00000297	-0.00010876	-0.00006886	0.00000141	0.000076	0.00000064	0.00005263	15	change	RAS
rs8_hard_comp	18.92247946	14.13821534	5.11985003	19.88864136	14.01361107	24.51851814	13.63059056	29.49852082	20	comp	hardness
rs8_hard_pro	17.82422047	13.55120439	4.63745437	13.57843633	12.73149818	23.48772348	11.34517767	28.40772051	20	pro	hardness
rs8_hard_chg	1.09825899	0.58701095	0.48239566	6.31020503	1.28211289	1.03079466	2.28541289	1.09080031	20	change	hardness
rs8_EAS_comp	0.00000011	0	0.00000009	0.99934555	0.00000331	0.00084672	0.00006865	1.99792917	20	comp	EAS
rs8_EAS_pro	0.00000011	0	0	0	0.00000012	0.00088756	0	1.99810291	20	pro	EAS
rs8_EAS_chg	0	0	0.00000009	0.99934555	0.00000319	-0.00004084	0.00006865	-0.00017374	20	change	EAS
rs8_NAS_comp	0.00008799	0.00000942	0.00000149	0.000043	0.00000013	0.00000581	0.00000004	0.00000002	20	comp	NAS
rs8_NAS_pro	0.00000776	0	0	0.00000027	0.00007321	0.99979623	0	0.00000925	20	pro	NAS
rs8_NAS_chg	0.00008023	0.00000942	0.00000149	0.00004273	-0.00007308	-0.99979042	0.00000004	-0.00000923	20	change	NAS
rs8_RAS_comp	0.00004405	0.00000471	0.00000079	0.49969428	0.00000172	0.00042626	0.00003434	0.99896459	20	comp	RAS
rs8_RAS_pro	0.00000393	0	0	0.00000014	0.00003666	0.5003419	0	0.99905608	20	pro	RAS
rs8_RAS_chg	0.00004012	0.00000471	0.00000079	0.49969414	-0.00003494	-0.49991564	0.00003434	-0.00009149	20	change	RAS
