Controle	25mg	200mg	media
1690.304	1251.264	1418.648	1453.405
1303.400	1262.240	1344.560	1303.400
1267.728	1333.584	1245.776	1282.363
1517.432	1352.792	1369.256	1413.160
1492.736	1185.408	1303.400	1327.181
1218.336	1415.904	1264.984	1299.741
1179.920	1555.848	1196.384	1310.717
1303.400	1229.312	1665.608	1399.440
1262.240	1673.840	1215.592	1383.891
1742.440	1100.344	1800.064	1547.616
1580.544	1177.176	1396.696	1384.805
1555.848	1125.040	1555.848	1412.245
1531.152	1306.144	1525.664	1454.320
1646.400	1325.352	1155.224	1375.659
1284.192	1860.432	1380.232	1508.285
1289.680	1613.472	1284.192	1395.781
1352.792	1885.128	1226.568	1488.163
1204.616	1520.176	1259.496	1328.096
1446.088	1292.424	1234.800	1324.437
1306.144	1509.200	1125.040	1313.461
1404.928	1503.712	1437.856	1448.832
1015.280	1092.112	1284.192	1130.528
1649.144	1629.936	1328.096	1535.725
1232.056	1495.480	1188.152	1305.229
1569.568	1270.472	1325.352	1388.464
1275.960	1333.584	1328.096	1312.547
1297.912	1284.192	1083.880	1221.995
1374.744	1281.448	1361.024	1339.072
1673.840	1330.840	1388.464	1464.381
1333.584	1050.952	1448.832	1277.789
1728.720	1270.472	1207.360	1402.184
1366.512	1676.584	1262.240	1435.112
1654.632	1673.840	1673.840	1667.437
1514.688	1138.760	1146.992	1266.813
1509.200	1136.016	1531.152	1392.123
1715.000	1339.072	1105.832	1386.635
1462.552	1435.112	1130.528	1342.731
1361.024	1410.416	1182.664	1318.035
1448.832	1975.680	1116.808	1513.773
1522.920	1533.896	1262.240	1439.685
1413.160	1558.592	1613.472	1528.408
1594.264	1374.744	1457.064	1475.357
1317.120	1199.128	1103.088	1206.445
1421.392	1267.728	1127.784	1272.301
1454.320	1780.856	1289.680	1508.285
1591.520	1086.624	1885.128	1521.091
1643.656	1712.256	1262.240	1539.384
1432.368	2068.976	1072.904	1524.749
1330.840	1251.264	1168.944	1250.349
1575.056	1380.232	1182.664	1379.317
1542.128	1476.272	1031.744	1350.048
1553.104	1824.760	1352.792	1576.885
1495.480	1701.280	1289.680	1495.480
1750.672	1591.520	1289.680	1543.957
1838.480	1339.072	1366.512	1514.688
1429.624	1385.720	1210.104	1341.816
1547.616	1429.624	1050.952	1342.731
1514.688	1435.112	1240.288	1396.696
1264.984	2011.352	1267.728	1514.688
1470.784	1750.672	1152.480	1457.979
1481.760	1547.616	1163.456	1397.611
1273.216	1753.416	1201.872	1409.501
982.352	1081.136	1097.600	1053.696
1610.728	1136.016	1089.368	1278.704
1484.504	1218.336	1201.872	1301.571
1188.152	1075.648	1284.192	1182.664
1053.696	1780.856	1204.616	1346.389
1555.848	1111.320	1511.944	1393.037
1451.576	1723.232	1207.360	1460.723
1254.008	1333.584	1100.344	1229.312
1435.112	1473.528	1144.248	1350.963
1457.064	1415.904	1511.944	1461.637
1352.792	1325.352	1243.032	1307.059
1558.592	1607.984	1188.152	1451.576
1468.040	1314.376	1284.192	1355.536
1846.712	1114.064	1531.152	1497.309
1273.216	1127.784	1223.824	1208.275
1465.296	1281.448	1031.744	1259.496
1465.296	1492.736	1196.384	1384.805
1607.984	1704.024	1481.760	1597.923
1654.632	1542.128	1048.208	1414.989
1577.800	1053.696	1627.192	1419.563
1638.168	1382.976	1081.136	1367.427
1539.384	2000.376	1130.528	1556.763
1509.200	1377.488	1215.592	1367.427
1232.056	1350.048	1168.944	1250.349
1473.528	1800.064	1742.440	1672.011
1893.360	1690.304	1470.784	1684.816
1451.576	1210.104	1105.832	1255.837
1846.712	1649.144	1251.264	1582.373
1396.696	1330.840	1171.688	1299.741
1640.912	1232.056	1245.776	1372.915
1421.392	1459.808	1303.400	1394.867
1448.832	1111.320	1157.968	1239.373
1435.112	1199.128	1078.392	1237.544
1701.280	1031.744	1048.208	1260.411
1671.096	1267.728	1215.592	1384.805
1550.360	1473.528	1448.832	1490.907
1330.840	1352.792	1116.808	1266.813
1753.416	1264.984	1100.344	1372.915
1514.688	1221.080	1234.800	1323.523
1682.072	1503.712	1429.624	1538.469
1945.496	1808.296	1157.968	1637.253
1492.736	1756.160	1306.144	1518.347
1811.040	1358.280	1599.752	1589.691
2003.120	1289.680	1105.832	1466.211
1767.136	1308.888	1207.360	1427.795
1344.560	1446.088	1328.096	1372.915
1328.096	1522.920	1207.360	1352.792
1226.568	1317.120	1330.840	1291.509
1580.544	1270.472	1103.088	1318.035
1372.000	1426.880	1103.088	1300.656
1498.224	1498.224	1207.360	1401.269
1245.776	1610.728	1127.784	1328.096
1876.896	1629.936	1234.800	1580.544
1146.992	1901.592	1029.000	1359.195
1361.024	1769.880	1440.600	1523.835
1468.040	1212.848	1303.400	1328.096
1503.712	1295.168	1536.640	1445.173
1388.464	1657.376	1182.664	1409.501
1314.376	1229.312	1690.304	1411.331
1275.960	1399.440	976.864	1217.421
1500.968	2099.160	886.312	1495.480
1489.992	2022.328	1361.024	1624.448
1811.040	1212.848	1056.440	1360.109
2143.064	1300.656	1736.952	1726.891
1539.384	1909.824	1421.392	1623.533
1734.208	1994.888	1300.656	1676.584
1468.040	1492.736	1333.584	1431.453
1336.328	1695.792	1372.000	1468.040
2162.272	1179.920	1566.824	1636.339
1544.872	1616.216	1374.744	1511.944
1682.072	1144.248	1520.176	1448.832
1415.904	1690.304	1440.600	1515.603
1308.888	1111.320	1234.800	1218.336
1610.728	1100.344	1160.712	1290.595
1399.440	1152.480	1177.176	1243.032
1421.392	1761.648	1446.088	1543.043
1629.936	1610.728	1083.880	1441.515
1783.600	1182.664	1616.216	1527.493
1898.848	1819.272	1421.392	1713.171
1470.784	2112.880	1012.536	1532.067
1341.816	1786.344	1531.152	1553.104
1495.480	1701.280	1465.296	1554.019
1918.056	1561.336	1144.248	1541.213
1281.448	1533.896	1594.264	1469.869
1319.864	1893.360	1166.200	1459.808
1470.784	1937.264	1481.760	1629.936
1278.704	1341.816	1152.480	1257.667
1586.032	1254.008	1130.528	1323.523
1723.232	1701.280	1127.784	1517.432
1341.816	2014.096	1144.248	1500.053
1440.600	1780.856	1234.800	1485.419
1566.824	1651.888	1558.592	1592.435
1358.280	1605.240	1275.960	1413.160
1424.136	1978.424	1174.432	1525.664
1797.320	1572.312	1061.928	1477.187
1210.104	1352.792	1185.408	1249.435
1481.760	1607.984	1297.912	1462.552
1802.808	1662.864	941.192	1468.955
1643.656	1827.504	1152.480	1541.213
1500.968	1860.432	1086.624	1482.675
1237.544	1671.096	1336.328	1414.989
1163.456	1876.896	1229.312	1423.221
1218.336	2310.448	1111.320	1546.701
1174.432	2118.368	1303.400	1532.067
1199.128	1805.552	1127.784	1377.488
1835.736	1950.984	1207.360	1664.693
1286.936	1970.192	1152.480	1469.869
1404.928	1594.264	1284.192	1427.795
1333.584	1942.752	1089.368	1455.235
1050.952	2110.136	1081.136	1414.075
1119.552	1454.320	987.840	1187.237
1511.944	1676.584	1786.344	1658.291
1819.272	1912.568	1015.280	1582.373
1020.768	1942.752	1311.632	1425.051
1292.424	1193.640	1127.784	1204.616
1599.752	2085.440	1352.792	1679.328
1377.488	1706.768	1500.968	1528.408
1267.728	1210.104	1185.408	1221.080
1251.264	1761.648	1248.520	1420.477
1657.376	1789.088	1451.576	1632.680
1281.448	1882.384	1380.232	1514.688
1185.408	1750.672	1660.120	1532.067
1649.144	1640.912	1240.288	1510.115
1706.768	2140.320	1385.720	1744.269
1451.576	1780.856	1067.416	1433.283
1588.776	1435.112	1199.128	1407.672
1484.504	1742.440	1144.248	1457.064
1248.520	1558.592	1100.344	1302.485
1264.984	1468.040	1942.752	1558.592
1701.280	1264.984	1116.808	1361.024
1226.568	1824.760	1380.232	1477.187
1753.416	1761.648	1105.832	1540.299
1369.256	1783.600	1105.832	1419.563
1413.160	1701.280	1133.272	1415.904
1404.928	1602.496	996.072	1334.499
1503.712	1934.520	1081.136	1506.456
1775.368	1264.984	949.424	1329.925
1544.872	1624.448	1007.048	1392.123
1706.768	1607.984	1144.248	1486.333
1756.160	2140.320	787.528	1561.336
1566.824	1978.424	935.704	1493.651
1314.376	1402.184	941.192	1219.251
1295.168	1432.368	1111.320	1279.619
1794.576	1372.000	1210.104	1458.893
1476.272	1413.160	941.192	1276.875
1717.744	1665.608	1103.088	1495.480
1292.424	1295.168	1149.736	1245.776
1306.144	1531.152	1064.672	1300.656
1665.608	1525.664	1245.776	1479.016
1992.144	1780.856	987.840	1586.947
1800.064	1292.424	1385.720	1492.736
1613.472	1399.440	979.608	1330.840
1476.272	1621.704	965.888	1354.621
2318.680	1684.816	897.288	1633.595
1470.784	1188.152	847.896	1168.944
1388.464	1701.280	1020.768	1370.171
1103.088	1295.168	839.664	1079.307
1328.096	1657.376	897.288	1294.253
1177.176	1424.136	1226.568	1275.960
1698.536	1188.152	883.568	1256.752
1446.088	1402.184	814.968	1221.080
1673.840	1931.776	1072.904	1559.507
1956.472	1950.984	1155.224	1687.560
1240.288	1199.128	976.864	1138.760
1528.408	1948.240	842.408	1439.685
1251.264	1116.808	987.840	1118.637
1591.520	1533.896	1045.464	1390.293
1341.816	1361.024	889.056	1197.299
1270.472	1646.400	946.680	1287.851
1207.360	1618.960	908.264	1244.861
1876.896	1761.648	856.128	1498.224
1446.088	1289.680	1185.408	1307.059
1314.376	1322.608	875.336	1170.773
1308.888	1292.424	941.192	1180.835
1330.840	1533.896	891.800	1252.179
1717.744	1413.160	803.992	1311.632
1347.304	1673.840	1053.696	1358.280
1533.896	1415.904	968.632	1306.144
1621.704	1561.336	864.360	1349.133
1758.904	1306.144	957.656	1340.901
1317.120	1605.240	1141.504	1354.621
1391.208	1344.560	751.856	1162.541
1517.432	2047.024	1048.208	1537.555
1204.616	1404.928	1361.024	1323.523
1498.224	1330.840	1092.112	1307.059
1341.816	2003.120	779.296	1374.744
1503.712	1981.168	831.432	1438.771
1778.112	1654.632	669.536	1367.427
1193.640	2011.352	1234.800	1479.931
1314.376	1629.936	1237.544	1393.952
1347.304	1454.320	1402.184	1401.269
2025.072	1588.776	1155.224	1589.691
1138.760	1517.432	1053.696	1236.629
1511.944	2291.240	1029.000	1610.728
1146.992	1531.152	996.072	1224.739
1372.000	1517.432	949.424	1279.619
1218.336	2090.928	952.168	1420.477
1311.632	1264.984	941.192	1172.603
1177.176	1920.800	1039.976	1379.317
1330.840	1492.736	812.224	1211.933
1204.616	1377.488	1045.464	1209.189
1734.208	1382.976	1007.048	1374.744
1267.728	1446.088	1031.744	1248.520
1503.712	1308.888	1404.928	1405.843
1221.080	1361.024	919.240	1167.115
1566.824	1632.680	1009.792	1403.099
1753.416	1308.888	1059.184	1373.829
1284.192	1333.584	856.128	1157.968
2211.664	1259.496	1045.464	1505.541
1506.456	1627.192	1251.264	1461.637
1775.368	1138.760	1347.304	1420.477
2049.768	1457.064	1212.848	1573.227
1920.800	1465.296	1149.736	1511.944
2063.488	1437.856	1004.304	1501.883
1575.056	1369.256	1064.672	1336.328
1693.048	1459.808	1232.056	1461.637
1542.128	2082.696	1094.856	1573.227
1503.712	1566.824	1212.848	1427.795
1693.048	2143.064	1262.240	1699.451
1907.080	1912.568	803.992	1541.213
1328.096	1484.504	1237.544	1350.048
2077.208	1259.496	1232.056	1522.920
1580.544	1437.856	1116.808	1378.403
1303.400	1308.888	932.960	1181.749
1649.144	1248.520	1204.616	1367.427
1226.568	1492.736	1097.600	1272.301
1843.968	1146.992	1094.856	1361.939
1550.360	1415.904	1385.720	1450.661
1399.440	1245.776	1094.856	1246.691
2244.592	1597.008	1166.200	1669.267
1561.336	1876.896	1193.640	1543.957
1629.936	1413.160	1328.096	1457.064
1879.640	1786.344	1163.456	1609.813
2291.240	1267.728	1468.040	1675.669
1701.280	1610.728	1157.968	1489.992
1961.960	1221.080	1385.720	1522.920
1712.256	1506.456	1278.704	1499.139
1742.440	1237.544	1240.288	1406.757
2071.720	1333.584	1429.624	1611.643
1679.328	1204.616	1182.664	1355.536
1745.184	1382.976	1602.496	1576.885
2016.840	1948.240	1215.592	1726.891
2110.136	1254.008	1391.208	1585.117
2332.400	1481.760	1223.824	1679.328
1369.256	1533.896	1215.592	1372.915
1407.672	1270.472	1031.744	1236.629
1882.384	1114.064	1435.112	1477.187
1709.512	1001.560	1059.184	1256.752
1550.360	1344.560	1174.432	1356.451
1693.048	1160.712	1391.208	1414.989
1621.704	1273.216	1201.872	1365.597
1270.472	1177.176	1177.176	1208.275
2055.256	1607.984	1569.568	1744.269
1723.232	1363.768	1177.176	1421.392
2115.624	1374.744	1081.136	1523.835
1105.832	1407.672	1317.120	1276.875
1207.360	1196.384	1212.848	1205.531
1668.352	1580.544	1138.760	1462.552
1270.472	1723.232	916.496	1303.400
1618.960	1355.536	1138.760	1371.085
1415.904	1385.720	1424.136	1408.587
1267.728	1034.488	1133.272	1145.163
1550.360	1262.240	1193.640	1335.413
1712.256	1221.080	900.032	1277.789
2318.680	1034.488	1075.648	1476.272
1632.680	1094.856	1075.648	1267.728
1407.672	1081.136	1166.200	1218.336
1328.096	1059.184	1020.768	1136.016
1912.568	1492.736	1089.368	1498.224
2060.744	1119.552	919.240	1366.512
1868.664	1613.472	1007.048	1496.395
1698.536	1989.400	979.608	1555.848
1791.832	1374.744	1015.280	1393.952
1712.256	1083.880	1020.768	1272.301
1531.152	1136.016	1086.624	1251.264
2101.904	1673.840	1240.288	1672.011
1358.280	1193.640	968.632	1173.517
1517.432	1108.576	1067.416	1231.141
1454.320	1190.896	1185.408	1276.875
1832.992	1103.088	1127.784	1354.621
1407.672	1426.880	1223.824	1352.792
1306.144	1114.064	1015.280	1145.163
1415.904	1517.432	891.800	1275.045
1542.128	1278.704	1086.624	1302.485
1602.496	1385.720	875.336	1287.851
1377.488	1583.288	897.288	1286.021
1528.408	1122.296	1078.392	1243.032
1934.520	1166.200	1012.536	1371.085
1303.400	1100.344	1042.720	1148.821
2365.328	1822.016	996.072	1727.805
1542.128	2063.488	949.424	1518.347
1196.384	1086.624	1177.176	1153.395
1286.936	1528.408	858.872	1224.739
1215.592	1358.280	1133.272	1235.715
1410.416	1393.952	1174.432	1326.267
1852.200	1193.640	1221.080	1422.307
1286.936	1802.808	1166.200	1418.648
1410.416	1196.384	1218.336	1275.045
1651.888	1031.744	1174.432	1286.021
1270.472	1415.904	1363.768	1350.048
1476.272	1915.312	1146.992	1512.859
1350.048	1330.840	1050.952	1243.947
1317.120	2000.376	1426.880	1581.459
1218.336	1514.688	1105.832	1279.619
1558.592	1391.208	1245.776	1398.525
1396.696	1322.608	1295.168	1338.157
1133.272	2082.696	1245.776	1487.248
1053.696	1775.368	1037.232	1288.765
1657.376	1319.864	1459.808	1479.016
1026.256	1627.192	1223.824	1292.424
1100.344	1465.296	1188.152	1251.264
1007.048	1544.872	1144.248	1232.056
1657.376	1341.816	1177.176	1392.123
1086.624	1256.752	1160.712	1168.029
1182.664	1286.936	1182.664	1217.421
1319.864	1572.312	1212.848	1368.341
1201.872	1237.544	1018.024	1152.480
1300.656	1473.528	1059.184	1277.789
1179.920	1168.944	1152.480	1167.115
1662.864	1468.040	1133.272	1421.392
1660.120	2134.832	1215.592	1670.181
1029.000	1701.280	1553.104	1427.795
1555.848	1374.744	1292.424	1407.672
1188.152	1712.256	1171.688	1357.365
1190.896	1465.296	1284.192	1313.461
1410.416	1396.696	1248.520	1351.877
1415.904	1649.144	1286.936	1450.661
1182.664	1114.064	1168.944	1155.224
1539.384	1177.176	1347.304	1354.621
1621.704	1218.336	1163.456	1334.499
1583.288	1758.904	1300.656	1547.616
1229.312	1382.976	1256.752	1289.680
1039.976	1012.536	1237.544	1096.685
1196.384	1629.936	1289.680	1372.000
1264.984	1160.712	1108.576	1178.091
1319.864	1616.216	1572.312	1502.797
1385.720	1391.208	1111.320	1296.083
1125.040	1289.680	1602.496	1339.072
1009.792	1207.360	1182.664	1133.272
1070.160	1553.104	1536.640	1386.635
1053.696	1201.872	1440.600	1232.056
1415.904	1333.584	1415.904	1388.464
1440.600	1029.000	1248.520	1239.373
1086.624	1103.088	1232.056	1140.589
1059.184	1264.984	1237.544	1187.237
1031.744	1089.368	1487.248	1202.787
1072.904	1459.808	1344.560	1292.424
1037.232	2206.176	1344.560	1529.323
1421.392	1901.592	1319.864	1547.616
1089.368	1621.704	1388.464	1366.512
1410.416	1857.688	1473.528	1580.544
974.120	1473.528	1415.904	1287.851
1059.184	1561.336	1325.352	1315.291
1056.440	1627.192	1215.592	1299.741
1083.880	1698.536	1756.160	1512.859
1015.280	1435.112	1229.312	1226.568
1130.528	1292.424	1226.568	1216.507
1146.992	1690.304	1264.984	1367.427
1196.384	1577.800	1314.376	1362.853
1023.512	1736.952	1684.816	1481.760
1542.128	1618.960	1152.480	1437.856
1361.024	1599.752	1377.488	1446.088
1876.896	1053.696	1136.016	1355.536
1594.264	1319.864	1396.696	1436.941
1328.096	1171.688	1273.216	1257.667
1248.520	1863.176	1245.776	1452.491
1146.992	1627.192	1229.312	1334.499
1715.000	1517.432	1221.080	1484.504
1369.256	1223.824	971.376	1188.152
1857.688	1506.456	1635.424	1666.523
1547.616	1555.848	1149.736	1417.733
1435.112	1306.144	1550.360	1430.539
1347.304	1520.176	1374.744	1414.075
1665.608	1610.728	1045.464	1440.600
1566.824	1555.848	1489.992	1537.555
1064.672	1374.744	1174.432	1204.616
1511.944	993.328	1053.696	1186.323
1509.200	1127.784	1182.664	1273.216
1415.904	1278.704	996.072	1230.227
1185.408	1536.640	1072.904	1264.984
1591.520	1133.272	1029.000	1251.264
976.864	1319.864	974.120	1090.283
1393.952	1525.664	1012.536	1310.717
1092.112	1262.240	1092.112	1148.821
1487.248	1190.896	1303.400	1327.181
1739.696	1325.352	1234.800	1433.283
1333.584	1097.600	1086.624	1172.603
1072.904	1204.616	842.408	1039.976
1325.352	1007.048	965.888	1099.429
1435.112	1092.112	1083.880	1203.701
1295.168	1007.048	1218.336	1173.517
1715.000	1380.232	1275.960	1457.064
1138.760	1297.912	1097.600	1178.091
1237.544	1811.040	1196.384	1414.989
1339.072	1385.720	1393.952	1372.915
971.376	1168.944	839.664	993.328
1509.200	1284.192	1275.960	1356.451
1130.528	1459.808	1199.128	1263.155
1207.360	1627.192	1234.800	1356.451
1160.712	1484.504	1177.176	1274.131
1325.352	1715.000	1059.184	1366.512
1451.576	1020.768	1248.520	1240.288
1125.040	1256.752	1223.824	1201.872
1254.008	1404.928	1234.800	1297.912
1322.608	1638.168	1218.336	1393.037
1045.464	1026.256	1404.928	1158.883
1163.456	1075.648	1385.720	1208.275
998.816	1072.904	1396.696	1156.139
1286.936	1344.560	1429.624	1353.707
1089.368	1136.016	1380.232	1201.872
1317.120	1410.416	1273.216	1333.584
1550.360	1078.392	1339.072	1322.608
1624.448	1745.184	1350.048	1573.227
1391.208	1410.416	1325.352	1375.659
1569.568	1407.672	935.704	1304.315
1182.664	1322.608	1251.264	1252.179
1232.056	1377.488	1119.552	1243.032
1462.552	1407.672	1196.384	1355.536
1531.152	1679.328	1377.488	1529.323
1188.152	1319.864	1492.736	1333.584
1001.560	1591.520	2406.488	1666.523
1064.672	1618.960	1745.184	1476.272
938.448	1607.984	1152.480	1232.971
1498.224	1819.272	1399.440	1572.312
1739.696	1972.936	1885.128	1865.920
1045.464	1983.912	1328.096	1452.491
1037.232	1695.792	1341.816	1358.280
1119.552	1226.568	1297.912	1214.677
1372.000	1479.016	1369.256	1406.757
1204.616	1671.096	1100.344	1325.352
1083.880	1731.464	1267.728	1361.024
1476.272	1391.208	1399.440	1422.307
1355.536	1039.976	1437.856	1277.789
1468.040	1607.984	1311.632	1462.552
1193.640	1481.760	1297.912	1324.437
1322.608	1094.856	1201.872	1206.445
1163.456	1075.648	1064.672	1101.259
1171.688	1023.512	1094.856	1096.685
1012.536	2112.880	1207.360	1444.259
1254.008	1646.400	1141.504	1347.304
1048.208	1284.192	1210.104	1180.835
1380.232	1319.864	1177.176	1292.424
1772.624	1553.104	1778.112	1701.280
971.376	1243.032	1322.608	1179.005
1127.784	985.096	1372.000	1161.627
1149.736	1155.224	1333.584	1212.848
1267.728	1034.488	1114.064	1138.760
875.336	1520.176	1605.240	1333.584
1918.056	1468.040	1094.856	1493.651
1715.000	1520.176	1108.576	1447.917
1393.952	1827.504	1201.872	1474.443
985.096	1742.440	1292.424	1339.987
823.200	1558.592	1306.144	1229.312
1907.080	1303.400	1317.120	1509.200
1196.384	1629.936	1229.312	1351.877
1226.568	1687.560	1492.736	1468.955
1256.752	1539.384	1473.528	1423.221
1163.456	1950.984	1468.040	1527.493
1561.336	1204.616	1196.384	1320.779
1424.136	1616.216	1476.272	1505.541
1544.872	1440.600	1190.896	1392.123
1610.728	1868.664	1350.048	1609.813
1783.600	1753.416	1232.056	1589.691
1067.416	1923.544	1470.784	1487.248
1339.072	1736.952	1528.408	1534.811
1457.064	1429.624	1380.232	1422.307
1075.648	1251.264	1311.632	1212.848
1350.048	1177.176	1361.024	1296.083
1243.032	1210.104	1555.848	1336.328
1223.824	1322.608	1983.912	1510.115
1037.232	1426.880	1182.664	1215.592
1270.472	1026.256	1297.912	1198.213
1500.968	985.096	1319.864	1268.643
1155.224	1190.896	1270.472	1205.531
1429.624	1580.544	1072.904	1361.024
1141.504	1352.792	1204.616	1232.971
1270.472	1199.128	1317.120	1262.240
1251.264	1273.216	1432.368	1318.949
1067.416	1355.536	1037.232	1153.395
1709.512	1868.664	1602.496	1726.891
1558.592	1717.744	1092.112	1456.149
1498.224	1116.808	1369.256	1328.096
1624.448	1424.136	1481.760	1510.115
1097.600	1188.152	1270.472	1185.408
1286.936	1366.512	1402.184	1351.877
1388.464	1558.592	1832.992	1593.349
1185.408	1948.240	1086.624	1406.757
1179.920	1352.792	1361.024	1297.912
1706.768	1358.280	1105.832	1390.293
1479.016	1709.512	1072.904	1420.477
1525.664	1116.808	1355.536	1332.669
1731.464	1317.120	749.112	1265.899
1182.664	1643.656	1281.448	1369.256
1487.248	1462.552	982.352	1310.717
1355.536	1484.504	1182.664	1340.901
1410.416	1690.304	1232.056	1444.259
1451.576	1155.224	1292.424	1299.741
1361.024	1893.360	1086.624	1447.003
1418.648	1048.208	1566.824	1344.560
1457.064	1105.832	1185.408	1249.435
1687.560	1177.176	1053.696	1306.144
1350.048	1311.632	1218.336	1293.339
1374.744	1503.712	1264.984	1381.147
1385.720	1179.920	1259.496	1275.045
1451.576	1498.224	1078.392	1342.731
1240.288	1668.352	1144.248	1350.963
1240.288	1506.456	1448.832	1398.525
1454.320	1273.216	1048.208	1258.581
1317.120	1693.048	1114.064	1374.744
1300.656	1339.072	1410.416	1350.048
1432.368	1586.032	1149.736	1389.379
1284.192	1629.936	1237.544	1383.891
1830.248	941.192	1421.392	1397.611
1772.624	1072.904	1072.904	1306.144
1597.008	1967.448	1086.624	1550.360
1657.376	1075.648	1396.696	1376.573
1725.976	1245.776	982.352	1318.035
1407.672	1289.680	1133.272	1276.875
1629.936	1454.320	1083.880	1389.379
1454.320	1399.440	1097.600	1317.120
1396.696	1531.152	1240.288	1389.379
1621.704	1264.984	1240.288	1375.659
1157.968	1330.840	1177.176	1221.995
1344.560	1736.952	1108.576	1396.696
1643.656	1484.504	1171.688	1433.283
1693.048	1306.144	1193.640	1397.611
1152.480	1160.712	1435.112	1249.435
1514.688	1358.280	1369.256	1414.075
1328.096	1539.384	1232.056	1366.512
1728.720	1344.560	1325.352	1466.211
1539.384	1495.480	1111.320	1382.061
2030.560	1286.936	1108.576	1475.357
1256.752	1361.024	1256.752	1291.509
1435.112	1330.840	1007.048	1257.667
1366.512	1426.880	1314.376	1369.256
1363.768	1094.856	1391.208	1283.277
1498.224	1292.424	1509.200	1433.283
1336.328	1059.184	1125.040	1173.517
1361.024	1484.504	1374.744	1406.757
1745.184	1286.936	1489.992	1507.371
1506.456	1319.864	1303.400	1376.573
2118.368	963.144	1300.656	1460.723
1525.664	1072.904	1476.272	1358.280
1871.408	1108.576	1385.720	1455.235
1572.312	916.496	957.656	1148.821
1092.112	1092.112	1328.096	1170.773
1948.240	1182.664	1536.640	1555.848
1764.392	1243.032	1190.896	1399.440
1624.448	716.184	935.704	1092.112
1693.048	935.704	1031.744	1220.165
1690.304	998.816	900.032	1196.384
1495.480	639.352	985.096	1039.976
1363.768	1344.560	1037.232	1248.520
1539.384	1193.640	875.336	1202.787
1950.984	1418.648	1050.952	1473.528
1317.120	1064.672	886.312	1089.368
1451.576	1426.880	946.680	1275.045
1322.608	1004.304	1177.176	1168.029
1245.776	941.192	1037.232	1074.733
1166.200	897.288	850.640	971.376
1495.480	913.752	996.072	1135.101
1185.408	1259.496	927.472	1124.125
1739.696	965.888	1094.856	1266.813
1275.960	1078.392	1215.592	1189.981
1972.936	1232.056	858.872	1354.621
1761.648	968.632	1122.296	1284.192
1956.472	1226.568	990.584	1391.208
1481.760	1723.232	1339.072	1514.688
1377.488	1297.912	1119.552	1264.984
1517.432	1311.632	1149.736	1326.267
1339.072	1262.240	1484.504	1361.939
1451.576	1306.144	1322.608	1360.109
1229.312	982.352	1330.840	1180.835
1725.976	1413.160	1418.648	1519.261
1465.296	1366.512	1094.856	1308.888
1978.424	1083.880	1144.248	1402.184
1473.528	801.248	1528.408	1267.728
1328.096	1100.344	1182.664	1203.701
2123.856	996.072	1514.688	1544.872
1959.216	1045.464	1072.904	1359.195
1764.392	1064.672	1146.992	1325.352
1042.720	1259.496	1152.480	1151.565
1391.208	1114.064	1157.968	1221.080
1374.744	1204.616	1322.608	1300.656
1196.384	1130.528	960.400	1095.771
1418.648	1050.952	1081.136	1183.579
1632.680	1292.424	919.240	1281.448
1092.112	1234.800	1092.112	1139.675
1182.664	817.712	1086.624	1029.000
1358.280	1243.032	1264.984	1288.765
1190.896	1308.888	908.264	1136.016
1325.352	1152.480	1218.336	1232.056
1413.160	1125.040	1457.064	1331.755
823.200	1130.528	1262.240	1071.989
1273.216	1328.096	1564.080	1388.464
1004.304	1045.464	1048.208	1032.659
1533.896	1042.720	1232.056	1269.557
1539.384	894.544	1070.160	1168.029
1706.768	1168.944	1045.464	1307.059
935.704	1542.128	1638.168	1372.000
1174.432	1295.168	919.240	1129.613
1846.712	1470.784	762.832	1360.109
1254.008	1355.536	963.144	1190.896
1133.272	1286.936	1704.024	1374.744
1166.200	872.592	1201.872	1080.221
1382.976	1262.240	1476.272	1373.829
1583.288	1292.424	1808.296	1561.336
1048.208	1440.600	1388.464	1292.424
1251.264	1317.120	1325.352	1297.912
1015.280	1254.008	1489.992	1253.093
861.616	1372.000	1314.376	1182.664
993.328	1210.104	1171.688	1125.040
1223.824	1479.016	1059.184	1254.008
979.608	1399.440	1487.248	1288.765
1045.464	1575.056	1319.864	1313.461
1317.120	1514.688	1388.464	1406.757
1059.184	1566.824	1404.928	1343.645
1168.944	1473.528	1229.312	1290.595
1138.760	1446.088	924.728	1169.859
943.936	1350.048	1520.176	1271.387
1026.256	1610.728	1009.792	1215.592
1122.296	1221.080	1237.544	1193.640
1125.040	1399.440	1056.440	1193.640
1273.216	1418.648	1651.888	1447.917
1020.768	1374.744	1029.000	1141.504
954.912	1418.648	1382.976	1252.179
1053.696	1388.464	1336.328	1259.496
1105.832	1382.976	1234.800	1241.203
1278.704	1418.648	1264.984	1320.779
949.424	1410.416	1404.928	1254.923
872.592	1248.520	1248.520	1123.211
869.848	1448.832	1199.128	1172.603
1333.584	1281.448	1465.296	1360.109
1097.600	1297.912	1402.184	1265.899
1396.696	1380.232	1089.368	1288.765
960.400	1457.064	1665.608	1361.024
1103.088	1470.784	921.984	1165.285
987.840	1289.680	1772.624	1350.048
1020.768	1243.032	1448.832	1237.544
872.592	1358.280	1407.672	1212.848
1289.680	1201.872	1780.856	1424.136
1018.024	1308.888	1174.432	1167.115
1070.160	1426.880	1610.728	1369.256
1009.792	1311.632	1429.624	1250.349
982.352	1333.584	1909.824	1408.587
820.456	1306.144	1292.424	1139.675
919.240	1350.048	1075.648	1114.979
902.776	1660.120	941.192	1168.029
1018.024	1396.696	985.096	1133.272
1339.072	1325.352	883.568	1182.664
960.400	1429.624	946.680	1112.235
1715.000	1308.888	1495.480	1506.456
1904.336	1509.200	1500.968	1638.168
935.704	1388.464	1061.928	1128.699
867.104	1435.112	1171.688	1157.968
1152.480	1454.320	1020.768	1209.189
979.608	1278.704	938.448	1065.587
1577.800	1330.840	1064.672	1324.437
875.336	1553.104	1275.960	1234.800
957.656	1410.416	1295.168	1221.080
1007.048	1240.288	1218.336	1155.224
1166.200	1330.840	1196.384	1231.141
1026.256	1267.728	1190.896	1161.627
716.184	1341.816	1300.656	1119.552
941.192	998.816	1273.216	1071.075
1506.456	1366.512	957.656	1276.875
867.104	1284.192	1026.256	1059.184
1325.352	1303.400	1446.088	1358.280
1100.344	1204.616	1610.728	1305.229
798.504	1212.848	1555.848	1189.067
688.744	1325.352	1086.624	1033.573
1034.488	1402.184	1007.048	1147.907
1295.168	1210.104	875.336	1126.869
1443.344	1413.160	1083.880	1313.461
1174.432	1114.064	1092.112	1126.869
1330.840	1138.760	1273.216	1247.605
1506.456	1254.008	996.072	1252.179
897.288	1174.432	1602.496	1224.739
1503.712	1377.488	1281.448	1387.549
1089.368	1465.296	1492.736	1349.133
919.240	1182.664	1446.088	1182.664
905.520	1553.104	886.312	1114.979
1358.280	1418.648	1207.360	1328.096
1122.296	1388.464	1536.640	1349.133
1199.128	1649.144	1056.440	1301.571
1289.680	1649.144	1284.192	1407.672
1396.696	1339.072	1111.320	1282.363
1273.216	1706.768	1144.248	1374.744
1569.568	921.984	1531.152	1340.901
1621.704	1385.720	1388.464	1465.296
1514.688	1196.384	1492.736	1401.269
998.816	1092.112	1542.128	1211.019
1284.192	1256.752	1706.768	1415.904
1284.192	1399.440	795.760	1159.797
1550.360	1237.544	603.680	1130.528
1218.336	1435.112	1303.400	1318.949
1146.992	1138.760	1275.960	1187.237
1629.936	1179.920	831.432	1213.763
1273.216	1234.800	1081.136	1196.384
938.448	1382.976	661.304	994.243
880.824	1330.840	1144.248	1118.637
1361.024	2137.576	872.592	1457.064
1303.400	1536.640	957.656	1265.899
705.208	1308.888	1039.976	1018.024
1470.784	1245.776	1037.232	1251.264
1157.968	1470.784	1816.528	1481.760
889.056	1424.136	1166.200	1159.797
1086.624	1432.368	1144.248	1221.080
867.104	1536.640	998.816	1134.187
1133.272	1100.344	938.448	1057.355
1273.216	1522.920	1075.648	1290.595
1012.536	1451.576	686.000	1050.037
938.448	1561.336	1347.304	1282.363
1245.776	1473.528	1029.000	1249.435
976.864	1289.680	1018.024	1094.856
935.704	1399.440	1325.352	1220.165
968.632	1223.824	1015.280	1069.245
908.264	1297.912	1001.560	1069.245
954.912	963.144	1174.432	1030.829
1218.336	1306.144	1045.464	1189.981
1278.704	1256.752	1125.040	1220.165
1045.464	1393.952	1111.320	1183.579
847.896	1207.360	1558.592	1204.616
979.608	1446.088	1163.456	1196.384
932.960	1190.896	1182.664	1102.173
1092.112	812.224	1347.304	1083.880
1064.672	801.248	1533.896	1133.272
1146.992	1193.640	1182.664	1174.432
867.104	1223.824	1130.528	1073.819
1424.136	1072.904	1001.560	1166.200
924.728	1330.840	1168.944	1141.504
1308.888	771.064	812.224	964.059
1157.968	971.376	1144.248	1091.197
798.504	935.704	1234.800	989.669
946.680	1190.896	1237.544	1125.040
911.008	793.016	1185.408	963.144
1920.800	1363.768	1404.928	1563.165
996.072	1382.976	1500.968	1293.339
1056.440	1234.800	998.816	1096.685
688.744	1012.536	1166.200	955.827
996.072	1333.584	1624.448	1318.035
1605.240	1254.008	1426.880	1428.709
949.424	1640.912	996.072	1195.469
976.864	1778.112	1270.472	1341.816
1300.656	1009.792	754.600	1021.683
1237.544	817.712	1125.040	1060.099
1056.440	1333.584	960.400	1116.808
952.168	1256.752	1234.800	1147.907
1402.184	831.432	1018.024	1083.880
1141.504	1407.672	1358.280	1302.485
982.352	1377.488	1103.088	1154.309
1566.824	1569.568	875.336	1337.243
1012.536	1168.944	1081.136	1087.539
1094.856	1443.344	1048.208	1195.469
1725.976	1569.568	691.488	1329.011
1621.704	1372.000	919.240	1304.315
1715.000	1328.096	1081.136	1374.744
1232.056	1476.272	1031.744	1246.691
1146.992	1210.104	729.904	1029.000
1511.944	957.656	1668.352	1379.317
1440.600	1561.336	740.880	1247.605
1382.976	795.760	839.664	1006.133
1264.984	1289.680	916.496	1157.053
1133.272	1018.024	908.264	1019.853
1174.432	1177.176	1111.320	1154.309
1284.192	1426.880	1138.760	1283.277
1281.448	1037.232	1319.864	1212.848
858.872	979.608	809.480	882.653
1221.080	1410.416	1317.120	1316.205
921.984	1029.000	1221.080	1057.355
1385.720	1402.184	1064.672	1284.192
1155.224	1388.464	1643.656	1395.781
1188.152	1174.432	1056.440	1139.675
1295.168	968.632	1221.080	1161.627
1668.352	1174.432	1037.232	1293.339
2066.232	1382.976	1100.344	1516.517
1023.512	1660.120	1188.152	1290.595
1470.784	1138.760	1234.800	1281.448
1317.120	987.840	1133.272	1146.077
1446.088	919.240	1380.232	1248.520
1528.408	1668.352	1328.096	1508.285
1215.592	1020.768	1701.280	1312.547
1682.072	1704.024	1577.800	1654.632
1108.576	1577.800	1146.992	1277.789
1295.168	1056.440	1363.768	1238.459
1476.272	1119.552	1053.696	1216.507
1347.304	1465.296	1284.192	1365.597
1687.560	1248.520	1048.208	1328.096
1643.656	790.272	1256.752	1230.227
1690.304	1207.360	1432.368	1443.344
1591.520	1380.232	1256.752	1409.501
1339.072	1262.240	724.416	1108.576
1717.744	1838.480	979.608	1511.944
1712.256	938.448	979.608	1210.104
1511.944	1616.216	1218.336	1448.832
1679.328	1300.656	611.912	1197.299
2409.232	1544.872	1160.712	1704.939
2003.120	1479.016	1012.536	1498.224
1959.216	1871.408	1012.536	1614.387
1542.128	1297.912	1168.944	1336.328
1654.632	1339.072	1188.152	1393.952
1646.400	1174.432	1218.336	1346.389
1558.592	1476.272	911.008	1315.291
1588.776	1558.592	990.584	1379.317
1564.080	1336.328	650.328	1183.579
1698.536	1210.104	1248.520	1385.720
1610.728	2014.096	1811.040	1811.955
1668.352	1306.144	754.600	1243.032
1937.264	1350.048	1297.912	1528.408
1929.032	1361.024	1275.960	1522.005
1687.560	1155.224	1347.304	1396.696
1786.344	1470.784	1144.248	1467.125
2307.704	1119.552	963.144	1463.467
1509.200	1286.936	1012.536	1269.557
1937.264	1723.232	1717.744	1792.747
1805.552	1396.696	1125.040	1442.429
1185.408	1429.624	842.408	1152.480
1772.624	1009.792	1111.320	1297.912
1715.000	1822.016	861.616	1466.211
1816.528	1577.800	1097.600	1497.309
1520.176	1160.712	856.128	1179.005
1797.320	1179.920	921.984	1299.741
1369.256	1684.816	672.280	1242.117
2197.944	1072.904	798.504	1356.451
1654.632	1089.368	702.464	1148.821
1597.008	930.216	655.816	1061.013
1942.752	1363.768	1116.808	1474.443
1720.488	924.728	801.248	1148.821
1569.568	1440.600	680.512	1230.227
1533.896	1511.944	600.936	1215.592
2036.048	1742.440	751.856	1510.115
1959.216	1778.112	1157.968	1631.765
1618.960	1725.976	658.560	1334.499
1813.784	1399.440	921.984	1378.403
1580.544	1061.928	867.104	1169.859
1372.000	1528.408	655.816	1185.408
1599.752	1536.640	924.728	1353.707
1690.304	1201.872	883.568	1258.581
1909.824	1264.984	581.728	1252.179
1802.808	1487.248	845.152	1378.403
1794.576	1201.872	713.440	1236.629
2337.888	1300.656	680.512	1439.685
2008.608	1171.688	814.968	1331.755
2118.368	1243.032	795.760	1385.720
2079.952	1725.976	1020.768	1608.899
1451.576	1264.984	957.656	1224.739
1553.104	1388.464	568.008	1169.859
1602.496	1223.824	669.536	1165.285
1157.968	1289.680	557.032	1001.560
1580.544	1034.488	732.648	1115.893
1778.112	1426.880	716.184	1307.059
1728.720	1404.928	628.376	1254.008
1649.144	1270.472	694.232	1204.616
1569.568	1605.240	987.840	1387.549
1964.704	1270.472	982.352	1405.843
1679.328	1229.312	1023.512	1310.717
1470.784	1432.368	1064.672	1322.608
1303.400	1462.552	609.168	1125.040
1577.800	1789.088	702.464	1356.451
1295.168	1511.944	1185.408	1330.840
1907.080	1432.368	694.232	1344.560
1953.728	1292.424	664.048	1303.400
1761.648	1007.048	965.888	1244.861
1514.688	1177.176	932.960	1208.275
2022.328	1303.400	735.392	1353.707
1885.128	1358.280	732.648	1325.352
1802.808	1350.048	1273.216	1475.357
1778.112	1437.856	850.640	1355.536
2115.624	1347.304	1048.208	1503.712
1720.488	1468.040	1171.688	1453.405
1723.232	1410.416	1039.976	1391.208
1865.920	1492.736	949.424	1436.027
1610.728	1495.480	1168.944	1425.051
1824.760	1517.432		
1687.560	2093.672	1212.848	1664.693
2151.296	1599.752	1146.992	1632.680
1907.080	1761.648	749.112	1472.613
1764.392	1075.648	1435.112	1425.051
1668.352	1396.696	825.944	1296.997
1717.744	1311.632	998.816	1342.731
1627.192	1429.624	1072.904	1376.573
1824.760	1103.088	1388.464	1438.771
1470.784	1284.192	974.120	1243.032
1736.952	1468.040	974.120	1393.037
2137.576	1295.168	1303.400	1578.715
1542.128	1536.640	1007.048	1361.939
1629.936	1547.616	1133.272	1436.941
1953.728	1536.640	1083.880	1524.749
1668.352	1215.592	1001.560	1295.168
1929.032	1399.440	1081.136	1469.869
1923.544	1577.800	749.112	1416.819
1734.208	1380.232	1078.392	1397.611
1558.592	1355.536	1256.752	1390.293
1709.512	1314.376	1286.936	1436.941
2008.608	1204.616	1179.920	1464.381
1374.744	1031.744	622.888	1009.792
1706.768	1067.416	738.136	1170.773
1827.504	938.448	647.584	1137.845
1835.736	1328.096	886.312	1350.048
1849.456	1083.880	1001.560	1311.632
1983.912	1402.184	628.376	1338.157
1959.216	1089.368	576.240	1208.275
1863.176	1166.200	729.904	1253.093
1671.096	1476.272	1610.728	1586.032
1662.864	1421.392	869.848	1318.035
1890.616	902.776	1292.424	1361.939
1948.240	916.496	946.680	1270.472
1811.040	784.784	919.240	1171.688
1676.584	1616.216	974.120	1422.307
1539.384	1372.000	1509.200	1473.528
1264.984	1094.856	998.816	1119.552
1986.656	1251.264	1212.848	1483.589
1920.800	1415.904	1218.336	1518.347
1492.736	979.608	820.456	1097.600
1953.728	1297.912	1029.000	1426.880
2228.128	1182.664	1100.344	1503.712
1981.168	1382.976	1122.296	1495.480
1684.816	1396.696	1059.184	1380.232
1789.088	1473.528	1185.408	1482.675
1531.152	1437.856	812.224	1260.411
1531.152	1190.896	905.520	1209.189
1668.352	1599.752	1127.784	1465.296
1668.352	1660.120	850.640	1393.037
1780.856	1717.744	921.984	1473.528
1698.536	1618.960	1056.440	1457.979
1533.896	1333.584	919.240	1262.240
1698.536	1566.824	1009.792	1425.051
1756.160	1297.912	985.096	1346.389
1918.056	1382.976	1050.952	1450.661
1728.720	1495.480	974.120	1399.440
1841.224	1468.040	1050.952	1453.405
1843.968	1410.416	1029.000	1427.795
1802.808	1975.680	1056.440	1611.643
1750.672	1638.168	1067.416	1485.419
1860.432	1778.112	993.328	1543.957
1638.168	1731.464	1155.224	1508.285
2110.136	1479.016	1053.696	1547.616
1742.440	930.216	1108.576	1260.411
1816.528	1616.216	1218.336	1550.360
1794.576	1361.024	1048.208	1401.269
1761.648	996.072	1201.872	1319.864
1961.960	1243.032	1059.184	1421.392
1934.520	1380.232	1050.952	1455.235
1811.040	1372.000	954.912	1379.317
1635.424	1520.176	921.984	1359.195
1561.336	1256.752	957.656	1258.581
1511.944	1358.280	1190.896	1353.707
1745.184	784.784	1207.360	1245.776
1495.480	1783.600	894.544	1391.208
1805.552	1550.360	1067.416	1474.443
1706.768	1399.440	1267.728	1457.979
1662.864	1281.448	727.160	1223.824
1753.416	1489.992	1007.048	1416.819
1640.912	1328.096	960.400	1309.803
1745.184	1306.144	836.920	1296.083
1607.984	1468.040	932.960	1336.328
1717.744	1586.032	1100.344	1468.040
1800.064	845.152	1097.600	1247.605
1583.288	1127.784	971.376	1227.483
1734.208	1712.256	1023.512	1489.992
1662.864	1201.872	1018.024	1294.253
1649.144	1399.440	1015.280	1354.621
1780.856	1251.264	1473.528	1501.883
1676.584	1333.584	952.168	1320.779
1832.992	1629.936	924.728	1462.552
1459.808	1039.976	976.864	1158.883
1734.208	850.640	1138.760	1241.203
1715.000	1223.824	1031.744	1323.523
1717.744	1457.064	987.840	1387.549
1665.608	1374.744	806.736	1282.363
1753.416	1133.272	861.616	1249.435
1824.760	1155.224	1007.048	1329.011
2099.160	1155.224	971.376	1408.587
1791.832	990.584	996.072	1259.496
1918.056	1330.840	963.144	1404.013
1978.424	1712.256	938.448	1543.043
1734.208	1555.848	1034.488	1441.515
1956.472	1336.328	1059.184	1450.661
2096.416	1388.464	1086.624	1523.835
2255.568	1303.400	985.096	1514.688
1934.520	1495.480	1067.416	1499.139
1775.368	935.704	990.584	1233.885
2068.976	1292.424	919.240	1426.880
2090.928	949.424	976.864	1339.072
2148.552	1136.016	976.864	1420.477
1942.752	1048.208	1045.464	1345.475
1857.688	1385.720	993.328	1412.245
2019.584	1089.368	902.776	1337.243
2225.384	1319.864	828.688	1457.979
2255.568	1813.784	957.656	1675.669
1588.776	894.544	990.584	1157.968
1893.360	987.840	853.384	1244.861
1904.336	1050.952	894.544	1283.277
2014.096	919.240	902.776	1278.704
1992.144	1506.456	998.816	1499.139
1918.056	1264.984	1177.176	1453.405
2027.816	853.384	943.936	1275.045
1602.496	996.072	1012.536	1203.701
2123.856	1308.888	883.568	1438.771
1918.056	1256.752	998.816	1391.208
1794.576	1437.856	1182.664	1471.699
1989.400	1278.704	1122.296	1463.467
2030.560	1415.904	1037.232	1494.565
2041.536	1050.952	828.688	1307.059
2019.584	1059.184	998.816	1359.195
2104.648	1237.544	1061.928	1468.040
1827.504	1451.576	891.800	1390.293
1786.344	1278.704	1015.280	1360.109
1890.616	1067.416	823.200	1260.411
2189.712	1125.040	963.144	1425.965
1934.520	1506.456	847.896	1429.624
1857.688	1330.840	1045.464	1411.331
1843.968	776.552	1229.312	1283.277
1849.456	1146.992	823.200	1273.216
1890.616	1363.768	1100.344	1451.576
1871.408	1446.088	990.584	1436.027
2274.776	1009.792	916.496	1400.355
2030.560	1333.584	919.240	1427.795
1956.472	1204.616	982.352	1381.147
2041.536	776.552	1031.744	1283.277
2008.608	861.616	979.608	1283.277
2093.672	960.400	1171.688	1408.587
1857.688	921.984	831.432	1203.701
2099.160	688.744	952.168	1246.691
2143.064	987.840	850.640	1327.181
2027.816	1328.096	886.312	1414.075
1934.520	946.680	1103.088	1328.096
1956.472	1251.264	1212.848	1473.528
1849.456	1193.640	1391.208	1478.101
2019.584	1333.584	1064.672	1472.613
1887.872	1319.864	1089.368	1432.368
1934.520	1473.528	784.784	1397.611
1926.288	1616.216	900.032	1480.845
1975.680	1286.936	1297.912	1520.176
2055.256	1089.368	998.816	1381.147
1956.472	1317.120	1020.768	1431.453
2244.592	1078.392	1350.048	1557.677
1934.520	699.720	946.680	1193.640
2063.488	1086.624	1108.576	1419.563
1898.848	1284.192	1317.120	1500.053
1967.448	1391.208	990.584	1449.747
1929.032	1122.296	1111.320	1387.549
1918.056	894.544	1039.976	1284.192
2063.488	1382.976	1007.048	1484.504
1882.384	1221.080	1042.720	1382.061
2008.608	1369.256	894.544	1424.136
2077.208	1599.752	886.312	1521.091
1679.328	1575.056	916.496	1390.293
1994.888	886.312	1037.232	1306.144
1983.912	1179.920	1114.064	1425.965
1997.632	1081.136	1020.768	1366.512
1778.112	1388.464	1023.512	1396.696
1811.040	1319.864	1166.200	1432.368
1915.312	889.056	921.984	1242.117
1970.192	1229.312	1092.112	1430.539
2066.232	1435.112	1070.160	1523.835
1989.400	1396.696	913.752	1433.283
2052.512	1561.336	872.592	1495.480
1909.824	1182.664	1045.464	1379.317
1948.240	946.680	1045.464	1313.461
1470.784	1281.448	1286.936	1346.389
1723.232	842.408	1075.648	1213.763
1948.240	1520.176	880.824	1449.747
1811.040	1188.152	1297.912	1432.368
2104.648	1196.384	998.816	1433.283
2154.040	985.096	1174.432	1437.856
1868.664	1243.032	1146.992	1419.563
1940.008	889.056	1122.296	1317.120
1753.416	1262.240	902.776	1306.144
1783.600	765.576	921.984	1157.053
1887.872	911.008	1190.896	1329.925
1627.192	1311.632	1001.560	1313.461
1651.888	1297.912	1072.904	1340.901
1970.192	1215.592	921.984	1369.256
1860.432	1221.080	949.424	1343.645
1808.296	1432.368	930.216	1390.293
1986.656	1407.672	941.192	1445.173
1679.328	1300.656	987.840	1322.608
1860.432	1199.128	839.664	1299.741
1734.208	1174.432	787.528	1232.056
1981.168	1111.320	919.240	1337.243
1731.464	1514.688	782.040	1342.731
1654.632	1333.584	941.192	1309.803
1380.232	1245.776	864.360	1163.456
1915.312	1300.656	1352.792	1522.920
1668.352	1676.584	823.200	1389.379
1435.112	1229.312	886.312	1183.579
2137.576	1042.720	897.288	1359.195
1717.744	1520.176	842.408	1360.109
1704.024	1188.152	847.896	1246.691
1704.024	812.224	1358.280	1291.509
1333.584	1210.104	921.984	1155.224
1937.264	1226.568	1056.440	1406.757
1863.176	1731.464	976.864	1523.835
1860.432	1237.544	1141.504	1413.160
2014.096	1201.872	1446.088	1554.019
1824.760	1097.600	913.752	1278.704
1934.520	1704.024	825.944	1488.163
2132.088	1736.952	699.720	1522.920
1967.448	1116.808	1026.256	1370.171
2055.256	1094.856	1012.536	1387.549
2038.792	1385.720	1007.048	1477.187
1715.000	1437.856	861.616	1338.157
1909.824	1157.968	828.688	1298.827
1841.224	1254.008	891.800	1329.011
1780.856	1402.184	867.104	1350.048
2494.296	1816.528	793.016	1701.280
1822.016	1251.264	1240.288	1437.856
2189.712	1500.968	1152.480	1614.387
2186.968	1130.528	1264.984	1527.493
1950.984	1212.848	1591.520	1585.117
2315.936	1141.504	1029.000	1495.480
2052.512	1264.984	968.632	1428.709
1896.104	1350.048	1045.464	1430.539
2036.048	1199.128	1130.528	1455.235
2093.672	1185.408	1078.392	1452.491
1997.632	1053.696	960.400	1337.243
2165.016	1325.352	1029.000	1506.456
2038.792	902.776	916.496	1286.021
2022.328	1295.168	1114.064	1477.187
1920.800	1709.512	985.096	1538.469
1783.600	1311.632	1081.136	1392.123
1970.192	1119.552	913.752	1334.499
1750.672	1580.544	1072.904	1468.040
1753.416	1336.328	1086.624	1392.123
1657.376	1725.976	913.752	1432.368
1937.264	2019.584	842.408	1599.752
1893.360	1166.200	1026.256	1361.939
2211.664	1311.632	1138.760	1554.019
1778.112	1624.448	1015.280	1472.613
1874.152	1498.224	1114.064	1495.480
1923.544	1690.304	960.400	1524.749
2200.688	1432.368	828.688	1487.248
2376.304	1352.792	1050.952	1593.349
2197.944	1336.328	960.400	1498.224
2148.552	1835.736	1004.304	1662.864
1929.032	1361.024	1053.696	1447.917
1898.848	1245.776	1097.600	1414.075
2052.512	965.888	1177.176	1398.525
1915.312	1053.696	985.096	1318.035
1786.344	1292.424	675.024	1251.264
1616.216	1234.800	1149.736	1333.584
1945.496	1215.592	1067.416	1409.501
2115.624	1391.208	872.592	1459.808
1813.784	1333.584	1267.728	1471.699
1745.184	1462.552	875.336	1361.024
1800.064	1300.656	1314.376	1471.699
1937.264	1267.728	1569.568	1591.520
2219.896	1133.272	1083.880	1479.016
2082.696	1503.712	1141.504	1575.971
2145.808	1344.560	891.800	1460.723
1764.392	1495.480	1221.080	1493.651
1934.520	1602.496	1020.768	1519.261
2173.248	1446.088	1015.280	1544.872
2274.776	1440.600	1372.000	1695.792
1876.896	1435.112	1127.784	1479.931
2066.232	1352.792	1503.712	1640.912
2121.112	1037.232	886.312	1348.219
1945.496	1328.096	1341.816	1538.469
2192.456	1317.120	1009.792	1506.456
2233.616	1245.776	1105.832	1528.408
2011.352	1248.520	1207.360	1489.077
1887.872	1300.656	1094.856	1427.795
1805.552	1226.568	1020.768	1350.963
1791.832	1226.568	1141.504	1386.635
1786.344	1476.272	1171.688	1478.101
1964.704	1023.512	1125.040	1371.085
1907.080	1451.576	1232.056	1530.237
2162.272	1306.144	1207.360	1558.592
1953.728	1303.400	1322.608	1526.579
1890.616	1171.688	1221.080	1427.795
1907.080	1775.368	996.072	1559.507
1953.728	1045.464	1292.424	1430.539
1898.848	1094.856	1155.224	1382.976
1940.008	900.032	1092.112	1310.717
2047.024	1372.000	1053.696	1490.907
2008.608	1136.016	1363.768	1502.797
2055.256	1632.680	1218.336	1635.424
2041.536	1415.904	968.632	1475.357
2121.112	1396.696	1210.104	1575.971
1931.776	1105.832	867.104	1301.571
1986.656	1105.832	1234.800	1442.429
2143.064	1308.888	1048.208	1500.053
2165.016	1492.736	921.984	1526.579
2143.064	1061.928	1212.848	1472.613
2197.944	976.864	718.928	1297.912
2222.640	1369.256	1042.720	1544.872
2156.784	1278.704	1075.648	1503.712
2244.592	1393.952	1130.528	1589.691
1950.984	1479.016	1188.152	1539.384
2189.712	1649.144	1330.840	1723.232
1909.824	1045.464	1199.128	1384.805
2110.136	1201.872	1108.576	1473.528
2110.136	1157.968	1199.128	1489.077
2123.856	1725.976	1012.536	1620.789
2225.384	1481.760	1322.608	1676.584
2250.080	1308.888	1448.832	1669.267
2047.024	1325.352	1415.904	1596.093
2192.456	2236.360	1259.496	1896.104
2329.656	1550.360	1314.376	1731.464
1747.928	1632.680	1018.024	1466.211
2162.272	1223.824	1125.040	1503.712
2307.704	1668.352	1275.960	1750.672
2296.728	1155.224	1237.544	1563.165
2280.264	1308.888	957.656	1515.603
1950.984	1366.512	1119.552	1479.016
1835.736	1286.936	1103.088	1408.587
2005.864	1676.584	1273.216	1651.888
2123.856	1739.696	1053.696	1639.083
2085.440	1289.680	1083.880	1486.333
2008.608	1374.744	1448.832	1610.728
1789.088	1300.656	1122.296	1404.013
1907.080	1204.616	968.632	1360.109
1961.960	1166.200	1212.848	1447.003
1813.784	1341.816	1166.200	1440.600
1961.960	1061.928	1155.224	1393.037
2233.616	1319.864	1393.952	1649.144
2145.808	1163.456	1333.584	1547.616
2027.816	930.216	1168.944	1375.659
2184.224	1223.824	1369.256	1592.435
1937.264	1421.392	1635.424	1664.693
1731.464	1243.032	1503.712	1492.736
1904.336	1053.696	1240.288	1399.440
1775.368	1262.240	1155.224	1397.611
2027.816	1256.752	1171.688	1485.419
1967.448	1325.352	1366.512	1553.104
2263.800	1223.824	1457.064	1648.229
2165.016	1344.560	1553.104	1687.560
1841.224	1407.672	1306.144	1518.347
2200.688	1136.016	1415.904	1584.203
1684.816	1350.048	1240.288	1425.051
1808.296	1440.600	1758.904	1669.267
2014.096	1388.464	817.712	1406.757
2167.760	1569.568	1254.008	1663.779
2112.880	1237.544	1437.856	1596.093
2112.880	1676.584	1536.640	1775.368
2288.496	1347.304	1284.192	1639.997
2357.096	1311.632	1275.960	1648.229
1827.504	1440.600	1114.064	1460.723
2077.208	1429.624	1363.768	1623.533
2068.976	1144.248	1179.920	1464.381
1857.688	1259.496	1396.696	1504.627
1808.296	1138.760	1275.960	1407.672
2230.872	1177.176	1212.848	1540.299
2090.928	1465.296	1391.208	1649.144
1778.112	1292.424	1182.664	1417.733
1978.424	1424.136	1742.440	1715.000
1805.552	1410.416	1083.880	1433.283
1462.552	1459.808	1221.080	1381.147
1695.792	1498.224	1262.240	1485.419
2060.744	1292.424	1127.784	1493.651
1854.944	1177.176	1465.296	1499.139
1849.456	1317.120	1487.248	1551.275
1929.032	1185.408	1437.856	1517.432
1701.280	1237.544	1163.456	1367.427
2014.096	1196.384	1553.104	1587.861
1363.768	1215.592	1481.760	1353.707
1992.144	938.448	1295.168	1408.587
1720.488	1256.752	1610.728	1529.323
1920.800	1059.184	1210.104	1396.696
2123.856	1001.560	1542.128	1555.848
2008.608	932.960	1750.672	1564.080
2214.408	1382.976	1270.472	1622.619
1503.712	1243.032	1256.752	1334.499
2310.448	773.808	1256.752	1447.003
1893.360	814.968	1854.944	1521.091
2044.280	897.288	1761.648	1567.739
2137.576	1671.096	1901.592	1903.421
2505.272	905.520	1462.552	1624.448
2508.016	1094.856	1355.536	1652.803
2332.400	1281.448	1443.344	1685.731
1352.792	1182.664	1350.048	1295.168
1802.808	1267.728	1555.848	1542.128
2140.320	1547.616	1243.032	1643.656
1723.232	1391.208	1528.408	1547.616
1893.360	1166.200	1210.104	1423.221
1846.712	1372.000	1264.984	1494.565
1950.984	1081.136	1223.824	1418.648
2093.672	1361.024	1588.776	1681.157
1418.648	1404.928	1292.424	1372.000
2099.160	889.056	1295.168	1427.795
2296.728	1089.368	1215.592	1533.896
2255.568	908.264	1588.776	1584.203
1769.880	1421.392	1111.320	1434.197
1635.424	1248.520	1152.480	1345.475
2244.592	831.432	1248.520	1441.515
2027.816	1190.896	1174.432	1464.381
2145.808	1569.568	1141.504	1618.960
1994.888	1926.288	1196.384	1705.853
1813.784	1341.816	1171.688	1442.429
1756.160	1489.992	1522.920	1589.691
1437.856	1569.568	1306.144	1437.856
1610.728	1564.080	1281.448	1485.419
1435.112	1273.216	1251.264	1319.864
1682.072	1498.224	1528.408	1569.568
1704.024	1086.624	1207.360	1332.669
1682.072	1599.752	1377.488	1553.104
1852.200	1616.216	1256.752	1575.056
2082.696	1402.184	1558.592	1681.157
1605.240	1138.760	1212.848	1318.949
1528.408	1528.408	1218.336	1425.051
1671.096	1254.008	1470.784	1465.296
1725.976	1317.120	1676.584	1573.227
1893.360	1306.144	1344.560	1514.688
1643.656	1270.472	1487.248	1467.125
1632.680	1415.904	1248.520	1432.368
1786.344	1350.048	1366.512	1500.968
1465.296	853.384	952.168	1090.283
2036.048	1525.664	1136.016	1565.909
1934.520	1152.480	1267.728	1451.576
1876.896	1284.192	1262.240	1474.443
1819.272	1103.088	1254.008	1392.123
1981.168	1426.880	1539.384	1649.144
1687.560	845.152	1223.824	1252.179
1915.312	946.680	1325.352	1395.781
1564.080	1528.408	1245.776	1446.088
1561.336	861.616	836.920	1086.624
1893.360	1119.552	1136.016	1382.976
1972.936	1207.360	1399.440	1526.579
1561.336	1037.232	1103.088	1233.885
1651.888	921.984	1174.432	1249.435
1937.264	1133.272	1188.152	1419.563
1569.568	1092.112	1108.576	1256.752
1402.184	836.920	1251.264	1163.456
1588.776	1067.416	1292.424	1316.205
1679.328	817.712	1254.008	1250.349
2060.744	1188.152	1212.848	1487.248
1602.496	911.008	1119.552	1211.019
1819.272	1443.344	1196.384	1486.333
1500.968	1361.024	1533.896	1465.296
1462.552	1081.136	1432.368	1325.352
1715.000	930.216	932.960	1192.725
2088.184	1146.992	1114.064	1449.747
1756.160	1089.368	1029.000	1291.509
1391.208	1039.976	1130.528	1187.237
1868.664	1270.472	1070.160	1403.099
1959.216	1152.480	1004.304	1372.000
2036.048	913.752	1009.792	1319.864
2203.432	1094.856	1372.000	1556.763
1736.952	1402.184	1166.200	1435.112
1800.064	952.168	1007.048	1253.093
1953.728	1201.872	1204.616	1453.405
1937.264	1177.176	1067.416	1393.952
1822.016	1259.496	982.352	1354.621
1890.616	1004.304	1179.920	1358.280
1429.624	1284.192	911.008	1208.275
1657.376	1443.344	1081.136	1393.952
1843.968	1059.184	897.288	1266.813
1843.968	1127.784	1031.744	1334.499
2195.200	1001.560	1067.416	1421.392
2055.256	1083.880	1248.520	1462.552
2189.712	1149.736	974.120	1437.856
1970.192	1426.880	743.624	1380.232
1780.856	1489.992	1341.816	1537.555
1780.856	1160.712	891.800	1277.789
1835.736	1267.728	1026.256	1376.573
1539.384	1350.048	1064.672	1318.035
1555.848	1034.488	845.152	1145.163
1723.232	1336.328	996.072	1351.877
1816.528	1072.904	902.776	1264.069
2016.840	850.640	908.264	1258.581
1970.192	960.400	858.872	1263.155
1437.856	1050.952	1045.464	1178.091
1635.424	880.824	1078.392	1198.213
1550.360	1114.064	831.432	1165.285
1605.240	1264.984	1163.456	1344.560
1629.936	1097.600	1212.848	1313.461
1597.008	1018.024	1404.928	1339.987
1555.848	1303.400	1034.488	1297.912
1992.144	1350.048	1264.984	1535.725
1747.928	1328.096	1210.104	1428.709
1753.416	1528.408	932.960	1404.928
1673.840	1607.984	1262.240	1514.688
1355.536	1437.856	782.040	1191.811
1561.336	1380.232	965.888	1302.485
1517.432	1564.080	941.192	1340.901
1657.376	790.272	894.544	1114.064
1704.024	1308.888	1012.536	1341.816
1668.352	1363.768	1146.992	1393.037
1522.920	1404.928	1034.488	1320.779
1723.232	1243.032	872.592	1279.619
1399.440	1289.680	1470.784	1386.635
1643.656	1555.848	1311.632	1503.712
1753.416	1136.016	1070.160	1319.864
1789.088	1281.448	1328.096	1466.211
1739.696	798.504	1267.728	1268.643
1564.080	1465.296	839.664	1289.680
2030.560	1407.672	1130.528	1522.920
1728.720	1528.408	1190.896	1482.675
1621.704	1108.576	1034.488	1254.923
1380.232	1201.872	1116.808	1232.971
1890.616	1473.528	1083.880	1482.675
1764.392	1311.632	1190.896	1422.307
1103.088	1410.416	1056.440	1189.981
1742.440	1407.672	762.832	1304.315
1640.912	1333.584	889.056	1287.851
1577.800	1462.552	1004.304	1348.219
1495.480	1295.168	1023.512	1271.387
1676.584	1275.960	839.664	1264.069
1673.840	1281.448	897.288	1284.192
1687.560	1341.816	856.128	1295.168
1830.248	1372.000	1048.208	1416.819
2000.376	1264.984	916.496	1393.952
1775.368	1533.896	1201.872	1503.712
1816.528	1413.160	1048.208	1425.965
1531.152	1627.192	990.584	1382.976
1594.264	1380.232	1221.080	1398.525
2025.072	1059.184	1133.272	1405.843
1531.152	1039.976	1152.480	1241.203
1457.064	1435.112	1004.304	1298.827
1717.744	1459.808	1050.952	1409.501
1319.864	1660.120	1377.488	1452.491
1426.880	1629.936	1243.032	1433.283
1635.424	1865.920	894.544	1465.296
1470.784	1547.616	1083.880	1367.427
1701.280	1542.128	1218.336	1487.248
1336.328	1369.256	960.400	1221.995
1264.984	1377.488	1042.720	1228.397
1662.864	1174.432	1097.600	1311.632
1377.488	1196.384	1190.896	1254.923
1712.256	1404.928	990.584	1369.256
1640.912	1454.320	864.360	1319.864
1736.952	1396.696	1204.616	1446.088
1372.000	1764.392	919.240	1351.877
1352.792	1553.104	1007.048	1304.315
1701.280	1531.152	1048.208	1426.880
1750.672	1350.048	927.472	1342.731
1747.928	1465.296	1270.472	1494.565
1778.112	1533.896	1020.768	1444.259
2241.848	1391.208	1185.408	1606.155
1514.688	1698.536	982.352	1398.525
1772.624	1682.072	938.448	1464.381
1767.136	1509.200	1333.584	1536.640
1811.040	1638.168	1234.800	1561.336
1489.992	1813.784	1094.856	1466.211
1832.992	1558.592	872.592	1421.392
1983.912	1385.720	1042.720	1470.784
1843.968	1179.920	1435.112	1486.333
1621.704	1940.008	1075.648	1545.787
1775.368	1498.224	1097.600	1457.064
1742.440	1207.360	927.472	1292.424
1550.360	1764.392	954.912	1423.221
1588.776	1300.656	1237.544	1375.659
1618.960	1594.264	941.192	1384.805
1981.168	1646.400	974.120	1533.896
1734.208	1813.784	1190.896	1579.629
1846.712	1572.312	820.456	1413.160
1668.352	1684.816	996.072	1449.747
1668.352	1489.992	1138.760	1432.368
1473.528	1599.752	1248.520	1440.600
1665.608	1929.032	1174.432	1589.691
1802.808	1915.312	886.312	1534.811
1396.696	1525.664	1056.440	1326.267
1223.824	1182.664	1012.536	1139.675
1879.640	1509.200	1130.528	1506.456
1624.448	1736.952	1177.176	1512.859
1618.960	1575.056	1185.408	1459.808
1687.560	1188.152	930.216	1268.643
1555.848	1347.304	1001.560	1301.571
1385.720	1879.640	1185.408	1483.589
1396.696	1561.336	996.072	1318.035
1605.240	1506.456	1042.720	1384.805
1794.576	1602.496	1015.280	1470.784
1909.824	1734.208	1048.208	1564.080
1550.360	1517.432	894.544	1320.779
2014.096	1514.688	1018.024	1515.603
1528.408	1863.176	1267.728	1553.104
2027.816	1254.008	1160.712	1480.845
1761.648	1500.968	1083.880	1448.832
1819.272	1511.944	1031.744	1454.320
1983.912	1575.056	946.680	1501.883
1929.032	1709.512	1188.152	1608.899
1778.112	1747.928	1023.512	1516.517
2093.672	1712.256	1248.520	1684.816
2121.112	1459.808	1152.480	1577.800
1704.024	1278.704	1094.856	1359.195
1896.104	1404.928	1262.240	1521.091
1893.360	1275.960	998.816	1389.379
2214.408	1868.664	1243.032	1775.368
2090.928	1234.800	1103.088	1476.272
1874.152	1487.248	1149.736	1503.712
2008.608	1972.936	1039.976	1673.840
2005.864	1451.576	1149.736	1535.725
2077.208	1613.472	924.728	1538.469
1915.312	1284.192	1092.112	1430.539
1852.200	1511.944	784.784	1382.976
1687.560	1764.392	965.888	1472.613
2066.232	1487.248	825.944	1459.808
1901.592	1188.152	1144.248	1411.331
1676.584	1605.240	1470.784	1584.203
2137.576	1679.328	1149.736	1655.547
1824.760	1380.232	1138.760	1447.917
2137.576	1446.088	943.936	1509.200
2027.816	1605.240	1251.264	1628.107
1890.616	1385.720	1155.224	1477.187
1393.952	1382.976	1157.968	1311.632
1638.168	1185.408	1618.960	1480.845
1918.056	1484.504	1289.680	1564.080
1986.656	1358.280	1210.104	1518.347
1811.040	1498.224	1171.688	1493.651
1989.400	1435.112	1234.800	1553.104
1945.496	1514.688	946.680	1468.955
1819.272	1835.736	1385.720	1680.243
1767.136	1558.592	1007.048	1444.259
1671.096	1662.864	1045.464	1459.808
1761.648	1528.408	1045.464	1445.173
1418.648	1468.040	1221.080	1369.256
1728.720	1421.392	1081.136	1410.416
1901.592	1410.416	1125.040	1479.016
1885.128	1451.576	1292.424	1543.043
2115.624	1520.176	1015.280	1550.360
1778.112	1701.280	985.096	1488.163
1923.544	1404.928	985.096	1437.856
1841.224	1698.536	1336.328	1625.363
2068.976	1317.120	1078.392	1488.163
1780.856	1863.176	982.352	1542.128
1764.392	1336.328	1300.656	1467.125
1959.216	1421.392	1155.224	1511.944
1874.152	1451.576	913.752	1413.160
2019.584	1797.320	1034.488	1617.131
2025.072	1435.112	1256.752	1572.312
1786.344	1437.856	1363.768	1529.323
2000.376	1437.856	803.992	1414.075
1824.760	1481.760	1001.560	1436.027
1904.336	1479.016	1289.680	1557.677
1898.848	1679.328	979.608	1519.261
1454.320	1522.920	1067.416	1348.219
1783.600	1627.192	1440.600	1617.131
1207.360	1509.200	1393.952	1370.171
1166.200	1525.664	1330.840	1340.901
1690.304	1638.168	1286.936	1538.469
1811.040	1929.032	1072.904	1604.325
1602.496	1616.216	1509.200	1575.971
1465.296	1613.472	990.584	1356.451
1528.408	1627.192	1232.056	1462.552
1750.672	1610.728	1064.672	1475.357
1144.248	1330.840	1509.200	1328.096
1786.344	1566.824	1358.280	1570.483
1693.048	1789.088	1215.592	1565.909
2066.232	1874.152	1031.744	1657.376
1830.248	1618.960	1061.928	1503.712
1602.496	1698.536	1100.344	1467.125
1838.480	1907.080	1264.984	1670.181
1610.728	1317.120	1163.456	1363.768
1758.904	1824.760	1289.680	1624.448
1854.944	1778.112	1045.464	1559.507
1344.560	1553.104	996.072	1297.912
1660.120	1575.056	1182.664	1472.613
1764.392	1476.272	1039.976	1426.880
1950.984	1566.824	905.520	1474.443
1676.584	1920.800	1004.304	1533.896
1857.688	1693.048	946.680	1499.139
1717.744	1525.664	996.072	1413.160
1671.096	1627.192	1023.512	1440.600
1435.112	1484.504	1023.512	1314.376
1586.032	1531.152	1018.024	1378.403
1591.520	1553.104	839.664	1328.096
1690.304	1492.736	894.544	1359.195
1712.256	1597.008	949.424	1419.563
1586.032	1495.480	1108.576	1396.696
2038.792	1396.696	1407.672	1614.387
1890.616	1531.152	1075.648	1499.139
1698.536	1555.848	1020.768	1425.051
2058.000	1317.120	1050.952	1475.357
1915.312	1243.032	1094.856	1417.733
1690.304	1539.384	1111.320	1447.003
2115.624	1800.064	1136.016	1683.901
1572.312	1533.896	1007.048	1371.085
1885.128	1533.896	776.552	1398.525
1544.872	1618.960	872.592	1345.475
1712.256	1646.400	820.456	1393.037
1701.280	1827.504	861.616	1463.467
1778.112	1399.440	795.760	1324.437
1797.320	1443.344	1130.528	1457.064
1709.512	1588.776	1026.256	1441.515
1920.800	1500.968	965.888	1462.552
1789.088	1704.024	1122.296	1538.469
2184.224	1561.336	1146.992	1630.851
1586.032	1396.696	930.216	1304.315
1838.480	1616.216	1048.208	1500.968
1772.624	1586.032	809.480	1389.379
1682.072	1610.728	921.984	1404.928
1871.408	1451.576	1248.520	1523.835
2025.072	1111.320	845.152	1327.181
1599.752	1432.368	1009.792	1347.304
1706.768	1413.160	1042.720	1387.549
1780.856	1289.680	1130.528	1400.355
1846.712	1048.208	1174.432	1356.451
2068.976	1391.208	1487.248	1649.144
1835.736	1259.496	1190.896	1428.709
1684.816	1232.056	1226.568	1381.147
2189.712	1289.680	1404.928	1628.107
1723.232	1407.672	1185.408	1438.771
1841.224	1385.720	1083.880	1436.941
1942.752	1056.440	979.608	1326.267
2228.128	1127.784	1067.416	1474.443
1972.936	1141.504	979.608	1364.683
2165.016	1374.744	878.080	1472.613
2107.392	1333.584	979.608	1473.528
1841.224	1443.344	867.104	1383.891
1800.064	1451.576	1459.808	1570.483
1945.496	1243.032	1007.048	1398.525
1865.920	1075.648	993.328	1311.632
1931.776	1547.616	900.032	1459.808
1662.864	1503.712	1339.072	1501.883
1791.832	1462.552	960.400	1404.928
1232.056	1594.264	1072.904	1299.741
1676.584	1465.296	965.888	1369.256
1618.960	1435.112	1248.520	1434.197
1871.408	1514.688	1086.624	1490.907
2025.072	1618.960	1078.392	1574.141
1890.616	1363.768	1149.736	1468.040
1575.056	1547.616	943.936	1355.536
2307.704	1163.456	1070.160	1513.773
2409.232	1352.792	1232.056	1664.693
2398.256	1586.032	1171.688	1718.659
2217.152	1254.008	971.376	1480.845
1695.792	1520.176	968.632	1394.867
1797.320	1448.832	1218.336	1488.163
1852.200	1437.856	820.456	1370.171
1753.416	1841.224	1015.280	1536.640
1813.784	1380.232	913.752	1369.256
2101.904	1325.352	1039.976	1489.077
2247.336	1418.648	825.944	1497.309
1832.992	1418.648	1179.920	1477.187
2033.304	1234.800	938.448	1402.184
1832.992	1531.152	987.840	1450.661
1975.680	1462.552	875.336	1437.856
2280.264	1204.616	1125.040	1536.640
2129.344	1542.128	1067.416	1579.629
2203.432	1698.536	1314.376	1738.781
2293.984	1136.016	1292.424	1574.141
1934.520	1407.672	1152.480	1498.224
2370.816	1457.064	1056.440	1628.107
2261.056	1544.872	952.168	1586.032
2428.440	1824.760	754.600	1669.267
2159.528	1479.016	1168.944	1602.496
2428.440	1522.920	911.008	1620.789
2296.728	1432.368	943.936	1557.677
2041.536	1542.128	1053.696	1545.787
2071.720	1561.336	998.816	1543.957
2148.552	1536.640	1034.488	1573.227
2118.368	1440.600	1284.192	1614.387
2077.208	1473.528	1081.136	1543.957
1950.984	1377.488	982.352	1436.941
1986.656	1717.744	1092.112	1598.837
1871.408	1514.688	1114.064	1500.053
1742.440	1594.264	1056.440	1464.381
2381.792	1473.528	1061.928	1639.083
2200.688	1690.304	1201.872	1697.621
1789.088	1468.040	998.816	1418.648
2346.120	1421.392	1042.720	1603.411
1871.408	1484.504	1243.032	1532.981
1745.184	1226.568	1243.032	1404.928
1742.440	1278.704	1221.080	1414.075
1929.032	1468.040	1322.608	1573.227
1822.016	1267.728	1179.920	1423.221
2387.280	1473.528	1328.096	1729.635
1789.088	1500.968	1188.152	1492.736
2458.624	1525.664	1218.336	1734.208
1605.240	1500.968	1251.264	1452.491
1852.200	1369.256	809.480	1343.645
1789.088	1404.928	1012.536	1402.184
1539.384	1114.064	952.168	1201.872
1909.824	1404.928	1130.528	1481.760
1879.640	1440.600	1380.232	1566.824
1959.216	1218.336	1130.528	1436.027
1887.872	1462.552	1212.848	1521.091
1723.232	1591.520	971.376	1428.709
1391.208	1500.968	1138.760	1343.645
1728.720	1481.760	1317.120	1509.200
1753.416	1693.048	1031.744	1492.736
1923.544	1698.536	1215.592	1612.557
1234.800	1654.632	1404.928	1431.453
1896.104	1424.136	1026.256	1448.832
1558.592	1465.296	1177.176	1400.355
1481.760	1374.744	1292.424	1382.976
2211.664	1514.688	1240.288	1655.547
1789.088	1481.760	1325.352	1532.067
1789.088	1347.304	1325.352	1487.248
1701.280	1407.672	1517.432	1542.128
1736.952	1330.840	1462.552	1510.115
1654.632	1292.424	1119.552	1355.536
1597.008	1374.744	1119.552	1363.768
1953.728	1303.400	1152.480	1469.869
1673.840	1520.176	987.840	1393.952
1525.664	1514.688	1116.808	1385.720
1750.672	1473.528	919.240	1381.147
1827.504	1289.680	1122.296	1413.160
1459.808	1366.512	1168.944	1331.755
1204.616	1424.136	1388.464	1339.072
1586.032	1451.576	1843.968	1627.192
1624.448	1094.856	1163.456	1294.253
1723.232	1704.024	1457.064	1628.107
1956.472	1407.672	1218.336	1527.493
2175.992	1479.016	946.680	1533.896
2030.560	1421.392	1278.704	1576.885
1832.992	1391.208	1347.304	1523.835
1778.112	1325.352	1127.784	1410.416
2181.480	1435.112	1363.768	1660.120
1901.592	1459.808	1791.832	1717.744
1832.992	1446.088	1347.304	1542.128
2236.360	1424.136	1300.656	1653.717
1824.760	1251.264	1382.976	1486.333
1775.368	1215.592	1695.792	1562.251
2159.528	1286.936	1336.328	1594.264
1780.856	1415.904	1256.752	1484.504
1758.904	1333.584	1325.352	1472.613
1915.312	1369.256	1039.976	1441.515
2186.968	1297.912	1212.848	1565.909
1638.168	1432.368	1254.008	1441.515
2247.336	1366.512	1163.456	1592.435
1934.520	1366.512	1105.832	1468.955
1865.920	1264.984	1125.040	1418.648
1983.912	1426.880	1273.216	1561.336
2154.040	1237.544	1421.392	1604.325
2222.640	1382.976	1144.248	1583.288
2343.376	1136.016	1234.800	1571.397
1926.288	1344.560	1426.880	1565.909
1706.768	1344.560	1421.392	1490.907
1926.288	1185.408	1204.616	1438.771
1448.832	1366.512	1399.440	1404.928
1824.760	1341.816	1207.360	1457.979
2000.376	1295.168	1037.232	1444.259
1876.896	1457.064	1218.336	1517.432
1662.864	1404.928	1248.520	1438.771
1720.488	1344.560	1330.840	1465.296
1904.336	1476.272	1594.264	1658.291
1926.288	1185.408	1119.552	1410.416
2025.072	1566.824	1347.304	1646.400
1462.552	1671.096	1193.640	1442.429
1610.728	1300.656	1070.160	1327.181
1964.704	1350.048	1039.976	1451.576
1627.192	1295.168	1053.696	1325.352
1852.200	1536.640	1141.504	1510.115
1824.760	1179.920	1350.048	1451.576
1805.552	1446.088	1402.184	1551.275
2107.392	1610.728	1221.080	1646.400
1723.232	1382.976	1212.848	1439.685
1972.936	1237.544	1509.200	1573.227
2079.952	1308.888	1168.944	1519.261
1797.320	1489.992	1166.200	1484.504
1756.160	1465.296	1199.128	1473.528
1470.784	1465.296	1448.832	1461.637
1783.600	1506.456	1734.208	1674.755
1907.080	1440.600	1679.328	1675.669
1994.888	1421.392	1780.856	1732.379
1668.352	1476.272	1432.368	1525.664
1764.392	1451.576	1366.512	1527.493
1709.512	1212.848	1627.192	1516.517
2068.976	1440.600	1399.440	1636.339
1885.128	1481.760	1308.888	1558.592
2030.560	1468.040	1344.560	1614.387
1665.608	1542.128	1643.656	1617.131
1865.920	1566.824	1185.408	1539.384
1794.576	1462.552	1221.080	1492.736
1588.776	1489.992	1081.136	1386.635
1377.488	1393.952	1495.480	1422.307
2296.728	1339.072	1248.520	1628.107
2288.496	1413.160	1168.944	1623.533
2225.384	1553.104	1133.272	1637.253
2195.200	1632.680	1182.664	1670.181
2513.504	1479.016	1443.344	1811.955
1950.984	1275.960	1317.120	1514.688
2099.160	1547.616	1130.528	1592.435
1789.088	1580.544	1536.640	1635.424
1701.280	1454.320	1361.024	1505.541
2535.456	1264.984	1369.256	1723.232
1564.080	1295.168	1149.736	1336.328
1753.416	1325.352	1468.040	1515.603
1852.200	1245.776	1385.720	1494.565
1989.400	1388.464	1243.032	1540.299
1904.336	1374.744	1355.536	1544.872
1904.336	1311.632	1248.520	1488.163
1725.976	1377.488	1034.488	1379.317
1811.040	1421.392	1136.016	1456.149
1451.576	1267.728	1270.472	1329.925
1533.896	1273.216	1336.328	1381.147
2318.680	1256.752	1166.200	1580.544
1942.752	1243.032	1157.968	1447.917
1435.112	1336.328	1092.112	1287.851
1717.744	1275.960	850.640	1281.448
1605.240	1514.688	1083.880	1401.269
1618.960	1671.096	1281.448	1523.835
1695.792	1350.048	1286.936	1444.259
1421.392	1747.928	1509.200	1559.507
1720.488	1454.320	1092.112	1422.307
1690.304	1361.024	1083.880	1378.403
1588.776	1341.816	1031.744	1320.779
1404.928	1267.728	1308.888	1327.181
1671.096	1602.496	1465.296	1579.629
1446.088	1374.744	1443.344	1421.392
1832.992	1454.320	1317.120	1534.811
1794.576	1396.696	1182.664	1457.979
1671.096	1473.528	1182.664	1442.429
1704.024	1372.000	1237.544	1437.856
1657.376	1317.120	1454.320	1476.272
1789.088	1605.240	1221.080	1538.469
2110.136	1339.072	1402.184	1617.131
1904.336	1256.752	1119.552	1426.880
1610.728	1179.920	1259.496	1350.048
1281.448	1284.192	1243.032	1269.557
1426.880	1366.512	1201.872	1331.755
1424.136	1462.552	1160.712	1349.133
1643.656	1256.752	1415.904	1438.771
949.424	1410.416	1248.520	1202.787
1676.584	1223.824	1273.216	1391.208
2315.936	1182.664	1188.152	1562.251
2047.024	1366.512	1114.064	1509.200
1468.040	1550.360	1201.872	1406.757
2359.840	1528.408	1190.896	1693.048
2491.552	1350.048	1440.600	1760.733
1964.704	1396.696	1363.768	1575.056
1679.328	1388.464	1575.056	1547.616
1945.496	1476.272	1473.528	1631.765
1539.384	1429.624	1179.920	1382.976
1248.520	1385.720	1281.448	1305.229
1190.896	1270.472	1163.456	1208.275
1437.856	1391.208	1031.744	1286.936
1572.312	1429.624	1564.080	1522.005
1561.336	1462.552	1212.848	1412.245
1506.456	1418.648	1333.584	1419.563
1544.872	1149.736	1103.088	1265.899
1660.120	1421.392	1064.672	1382.061
2060.744	1415.904	1344.560	1607.069
1986.656	1517.432	1160.712	1554.933
1654.632	1528.408	1240.288	1474.443
1613.472	1256.752	1155.224	1341.816
1586.032	1039.976	1078.392	1234.800
1698.536	1500.968	1234.800	1478.101
1624.448	1506.456	1284.192	1471.699
1588.776	1160.712	1248.520	1332.669
1489.992	1495.480	1100.344	1361.939
1459.808	1459.808	1303.400	1407.672
1621.704	1547.616	1297.912	1489.077
1440.600	1404.928	1328.096	1391.208
1698.536	1295.168	1393.952	1462.552
1673.840	1451.576	1347.304	1490.907
2016.840	1196.384	1072.904	1428.709
1731.464	1286.936	1344.560	1454.320
1536.640	1319.864	1207.360	1354.621
1201.872	1413.160	1240.288	1285.107
1495.480	1500.968	1237.544	1411.331
2036.048	1646.400	1863.176	1848.541
1687.560	1399.440	1289.680	1458.893
1539.384	1454.320	1286.936	1426.880
1264.984	1690.304	1333.584	1429.624
1586.032	1476.272	1210.104	1424.136
1605.240	1432.368	1237.544	1425.051
1920.800	1350.048	1317.120	1529.323
1275.960	1459.808	1446.088	1393.952
1679.328	1454.320	1234.800	1456.149
1728.720	1640.912	1415.904	1595.179
1369.256	1240.288	1155.224	1254.923
1983.912	1347.304	1108.576	1479.931
1786.344	1421.392	1078.392	1428.709
1937.264	1698.536	1295.168	1643.656
1402.184	1289.680	1440.600	1377.488
2228.128	1292.424	1018.024	1512.859
2195.200	1468.040	1146.992	1603.411
1415.904	1372.000	998.816	1262.240
2186.968	1712.256	1207.360	1702.195
1734.208	1232.056	954.912	1307.059
1662.864	1459.808	1204.616	1442.429
1868.664	1245.776	954.912	1356.451
1709.512	1377.488	998.816	1361.939
1745.184	1791.832	968.632	1501.883
1646.400	1446.088	1039.976	1377.488
1339.072	1871.408	938.448	1382.976
1989.400	1448.832	1029.000	1489.077
1616.216	1662.864	1001.560	1426.880
1588.776	1542.128	1185.408	1438.771
1942.752	1476.272	1237.544	1552.189
1959.216	1407.672	996.072	1454.320
1827.504	1594.264	1127.784	1516.517
1569.568	1517.432	1152.480	1413.160
1660.120	1481.760	1081.136	1407.672
1860.432	1435.112	1232.056	1509.200
1764.392	1514.688	1146.992	1475.357
1885.128	1391.208	1177.176	1484.504
1731.464	1382.976	853.384	1322.608
1981.168	1341.816	1114.064	1479.016
2214.408	1358.280	878.080	1483.589
2192.456	1399.440	941.192	1511.029
2477.832	1352.792	1190.896	1673.840
1811.040	1374.744	1281.448	1489.077
1761.648	1382.976	1262.240	1468.955
1564.080	1561.336	861.616	1329.011
1926.288	1355.536	921.984	1401.269
1879.640	1311.632	943.936	1378.403
2025.072	1635.424	1070.160	1576.885
2510.760	1462.552	1009.792	1661.035
1986.656	1572.312	1067.416	1542.128
2055.256	1492.736	1034.488	1527.493
2088.184	1564.080	1281.448	1644.571
2442.160	1575.056	1029.000	1682.072
2381.792	1448.832	1248.520	1693.048
1822.016	1426.880	809.480	1352.792
1756.160	1385.720	812.224	1318.035
2090.928	1624.448	757.344	1490.907
1794.576	1808.296	782.040	1461.637
1679.328	1874.152	1339.072	1630.851
2030.560	1742.440	1212.848	1661.949
1819.272	1550.360	946.680	1438.771
1896.104	1421.392	1012.536	1443.344
2189.712	1473.528	1284.192	1649.144
2167.760	1791.832	968.632	1642.741
1553.104	1621.704	1083.880	1419.563
1882.384	1800.064	1133.272	1605.240
1950.984	1564.080	1462.552	1659.205
1904.336	1577.800	1668.352	1716.829
1929.032	2118.368	1059.184	1702.195
1896.104	1704.024	965.888	1522.005
1885.128	1234.800	1146.992	1422.307
1942.752	1577.800	1039.976	1520.176
1822.016	1358.280	1424.136	1534.811
2381.792	1747.928	1248.520	1792.747
1693.048	1723.232	1215.592	1543.957
2063.488	1879.640	900.032	1614.387
2425.696	1794.576	930.216	1716.829
1657.376	1522.920	1048.208	1409.501
2055.256	1566.824	1295.168	1639.083
1544.872	1602.496	963.144	1370.171
2178.736	1448.832	1119.552	1582.373
1800.064	1295.168	1097.600	1397.611
1476.272	1415.904	943.936	1278.704
1775.368	1522.920	935.704	1411.331
1446.088	1259.496	762.832	1156.139
1805.552	1459.808	985.096	1416.819
1909.824	1723.232	740.880	1457.979
2529.968	1267.728
