Controle	25mg	200mg	media
1459.808	1330.840	1141.504	1310.717
1621.704	1684.816	1550.360	1618.960
1193.640	1484.504	1193.640	1290.595
1232.056	1341.816	1591.520	1388.464
1097.600	1185.408	993.328	1092.112
1029.000	1300.656	1026.256	1118.637
1130.528	1245.776	1393.952	1256.752
1229.312	1306.144	1594.264	1376.573
1196.384	1314.376	1498.224	1336.328
1218.336	1391.208	1303.400	1304.315
1174.432	1237.544	1588.776	1333.584
1155.224	1550.360	1059.184	1254.923
1322.608	1657.376	1448.832	1476.272
1470.784	1462.552	1204.616	1379.317
1580.544	1336.328	1366.512	1427.795
1328.096	2088.184	1470.784	1629.021
1308.888	1330.840	1281.448	1307.059
1747.928	1413.160	1190.896	1450.661
1347.304	1108.576	1709.512	1388.464
1657.376	1646.400	979.608	1427.795
1264.984	1385.720	1163.456	1271.387
1262.240	1492.736	1193.640	1316.205
1245.776	1437.856	1188.152	1290.595
1144.248	1396.696	1426.880	1322.608
1325.352	1446.088	960.400	1243.947
1366.512	1432.368	1067.416	1288.765
1432.368	1226.568	957.656	1205.531
1610.728	1561.336	1094.856	1422.307
1945.496	1366.512	1325.352	1545.787
1402.184	1352.792	1083.880	1279.619
1410.416	1358.280	1218.336	1329.011
1034.488	1319.864	987.840	1114.064
1328.096	1511.944	1078.392	1306.144
1344.560	1223.824	1281.448	1283.277
1385.720	1240.288	902.776	1176.261
1498.224	1393.952	1531.152	1474.443
1339.072	1336.328	1325.352	1333.584
1311.632	1473.528	880.824	1221.995
1879.640	1347.304	921.984	1382.976
1207.360	1396.696	1498.224	1367.427
1083.880	1586.032	1715.000	1461.637
1094.856	1358.280	1256.752	1236.629
1146.992	1676.584	1067.416	1296.997
1264.984	1366.512	1094.856	1242.117
1418.648	1127.784	913.752	1153.395
1237.544	1330.840	1188.152	1252.179
1232.056	1388.464	943.936	1188.152
1385.720	1240.288	1152.480	1259.496
1393.952	1075.648	1199.128	1222.909
1284.192	1185.408	1311.632	1260.411
1056.440	1330.840	1317.120	1234.800
1267.728	1374.744	1489.992	1377.488
1399.440	1212.848	1182.664	1264.984
1254.008	1435.112	1089.368	1259.496
1668.352	1599.752	1188.152	1485.419
1391.208	1081.136	1275.960	1249.435
1509.200	1429.624	1072.904	1337.243
1344.560	1001.560	1234.800	1193.640
1503.712	1020.768	1196.384	1240.288
1341.816	1380.232	1511.944	1411.331
1358.280	1528.408	1424.136	1436.941
1736.952	1451.576	1067.416	1418.648
1583.288	1303.400	1281.448	1389.379
1289.680	1402.184	1111.320	1267.728
1182.664	1495.480	1451.576	1376.573
1232.056	1045.464	1155.224	1144.248
1385.720	1591.520	1122.296	1366.512
1550.360	1520.176	1166.200	1412.245
1638.168	1832.992	932.960	1468.040
1212.848	1635.424	1451.576	1433.283
1561.336	1758.904	1273.216	1531.152
1421.392	1629.936	1218.336	1423.221
1605.240	1657.376	960.400	1407.672
1451.576	1424.136	1018.024	1297.912
1602.496	1495.480	1023.512	1373.829
1550.360	1591.520	1023.512	1388.464
1421.392	1693.048	1264.984	1459.808
1363.768	1481.760	1114.064	1319.864
1303.400	1649.144	1190.896	1381.147
1487.248	1706.768	996.072	1396.696
1566.824	1701.280	1547.616	1605.240
1509.200	1769.880	1056.440	1445.173
1377.488	2000.376	1064.672	1480.845
1393.952	1226.568	993.328	1204.616
1377.488	1577.800	1122.296	1359.195
1618.960	1564.080	1199.128	1460.723
1426.880	1564.080	1133.272	1374.744
1429.624	2365.328	1018.024	1604.325
1437.856	1437.856	1561.336	1479.016
1380.232	1528.408	1333.584	1414.075
1476.272	1816.528	1336.328	1543.043
1377.488	1808.296	1207.360	1464.381
1297.912	1717.744	1174.432	1396.696
1561.336	1575.056	1105.832	1414.075
1481.760	1802.808	1199.128	1494.565
1522.920	1698.536	1122.296	1447.917
1572.312	1931.776	1385.720	1629.936
1618.960	1550.360	1262.240	1477.187
1857.688	2159.528	1009.792	1675.669
1303.400	1882.384	1133.272	1439.685
1769.880	1621.704	1188.152	1526.579
1665.608	1520.176	982.352	1389.379
1259.496	1382.976	1251.264	1297.912
1440.600	1797.320	1042.720	1426.880
1671.096	1953.728	957.656	1527.493
2016.840	1745.184	1097.600	1619.875
1487.248	1679.328	1070.160	1412.245
1303.400	1657.376	875.336	1278.704
1654.632	1377.488	1031.744	1354.621
1959.216	1171.688	965.888	1365.597
1646.400	1731.464	1248.520	1542.128
1363.768	1643.656	960.400	1322.608
1610.728	1816.528	1221.080	1549.445
1539.384	1586.032	1698.536	1607.984
1575.056	1528.408	1059.184	1387.549
1583.288	1756.160	1009.792	1449.747
1558.592	1514.688	1171.688	1414.989
1382.976	1322.608	1086.624	1264.069
1385.720	1155.224	1018.024	1186.323
1446.088	1660.120	1163.456	1423.221
1577.800	1270.472	1083.880	1310.717
1520.176	1528.408	1001.560	1350.048
1322.608	1528.408	1281.448	1377.488
1177.176	1591.520	1207.360	1325.352
1446.088	1517.432	971.376	1311.632
1676.584	1511.944	1130.528	1439.685
1640.912	1539.384	1034.488	1404.928
1155.224	1311.632	1259.496	1242.117
1402.184	1393.952	1141.504	1312.547
1275.960	1476.272	1245.776	1332.669
1484.504	1322.608	946.680	1251.264
1547.616	1289.680	1270.472	1369.256
1654.632	1506.456	1232.056	1464.381
1237.544	1081.136	1446.088	1254.923
1273.216	1185.408	1108.576	1189.067
1385.720	1577.800	1029.000	1330.840
1459.808	1223.824	1136.016	1273.216
1421.392	1155.224	913.752	1163.456
1698.536	1256.752	1254.008	1403.099
1215.592	1295.168	1018.024	1176.261
1404.928	1223.824	921.984	1183.579
1421.392	1031.744	1404.928	1286.021
1421.392	1229.312	963.144	1204.616
1311.632	1133.272	1100.344	1181.749
1385.720	1372.000	1462.552	1406.757
1201.872	1347.304	1347.304	1298.827
1479.016	1635.424	1116.808	1410.416
1396.696	1465.296	1185.408	1349.133
1130.528	1193.640	1479.016	1267.728
1081.136	1421.392	921.984	1141.504
1155.224	1591.520	963.144	1236.629
1218.336	1341.816	1157.968	1239.373
1632.680	1212.848	1042.720	1296.083
1289.680	1232.056	1193.640	1238.459
1177.176	1657.376	1341.816	1392.123
1325.352	1580.544	1262.240	1389.379
1435.112	1289.680	1289.680	1338.157
1575.056	1292.424	1133.272	1333.584
1174.432	1199.128	1237.544	1203.701
1640.912	1174.432	1207.360	1340.901
1462.552	1163.456	1018.024	1214.677
1448.832	1382.976	1270.472	1367.427
1163.456	1426.880	1083.880	1224.739
1547.616	1081.136	957.656	1195.469
1671.096	1163.456	1026.256	1286.936
1284.192	1136.016	1029.000	1149.736
1391.208	1317.120	1174.432	1294.253
1435.112	1446.088	1136.016	1339.072
1262.240	1295.168	1336.328	1297.912
1311.632	1344.560	1114.064	1256.752
1506.456	1297.912	1089.368	1297.912
1157.968	1114.064	1245.776	1172.603
1561.336	1369.256	1254.008	1394.867
1629.936	1698.536	930.216	1419.563
1506.456	1509.200	1081.136	1365.597
1190.896	1251.264	1103.088	1181.749
1361.024	1155.224	1174.432	1230.227
1569.568	1443.344	982.352	1331.755
1421.392	1190.896	1166.200	1259.496
1934.520	1473.528	993.328	1467.125
1520.176	1388.464	1366.512	1425.051
1542.128	1243.032	1311.632	1365.597
1569.568	1468.040	1007.048	1348.219
1830.248	1498.224	1160.712	1496.395
2030.560	1229.312	1221.080	1493.651
1635.424	1212.848	1706.768	1518.347
1330.840	1262.240	1103.088	1232.056
1789.088	1479.016	1303.400	1523.835
1459.808	1196.384	1157.968	1271.387
1385.720	1264.984	1407.672	1352.792
1333.584	1451.576	1144.248	1309.803
1514.688	1500.968	1083.880	1366.512
1509.200	1580.544	1193.640	1427.795
1322.608	1240.288	1130.528	1231.141
1709.512	1374.744	960.400	1348.219
1259.496	1125.040	1388.464	1257.667
1243.032	1347.304	1303.400	1297.912
1476.272	1322.608	1243.032	1347.304
1572.312	1363.768	1333.584	1423.221
1597.008	1369.256	1319.864	1428.709
1454.320	1377.488	1426.880	1419.563
1443.344	1146.992	1185.408	1258.581
1237.544	1292.424	1454.320	1328.096
1344.560	1424.136	985.096	1251.264
1355.536	1599.752	1284.192	1413.160
1352.792	1347.304	1023.512	1241.203
1459.808	2025.072	1385.720	1623.533
1415.904	1361.024	1174.432	1317.120
1347.304	1533.896	864.360	1248.520
1322.608	1311.632	1251.264	1295.168
1273.216	1155.224	1374.744	1267.728
1119.552	1199.128	1544.872	1287.851
1599.752	1341.816	1267.728	1403.099
1259.496	1487.248	1517.432	1421.392
1207.360	1569.568	1553.104	1443.344
1152.480	1160.712	1426.880	1246.691
1232.056	1259.496	1232.056	1241.203
1201.872	1303.400	1166.200	1223.824
1281.448	1391.208	993.328	1221.995
1440.600	1152.480	1232.056	1275.045
1660.120	1152.480	990.584	1267.728
1555.848	1259.496	1100.344	1305.229
1498.224	1141.504	1336.328	1325.352
1116.808	1133.272	1105.832	1118.637
1281.448	1437.856	1174.432	1297.912
1553.104	1171.688	1245.776	1323.523
1303.400	1182.664	1061.928	1182.664
1646.400	1347.304	1045.464	1346.389
1322.608	1503.712	1168.944	1331.755
1577.800	1437.856	1168.944	1394.867
1297.912	1018.024	1097.600	1137.845
1542.128	1031.744	1125.040	1232.971
1182.664	1254.008	1451.576	1296.083
1446.088	1199.128	1240.288	1295.168
1155.224	1081.136	1037.232	1091.197
1146.992	954.912	946.680	1016.195
1210.104	1437.856	1196.384	1281.448
1399.440	1580.544	1330.840	1436.941
1210.104	1500.968	1105.832	1272.301
1555.848	1097.600	1487.248	1380.232
1042.720	1259.496	1034.488	1112.235
1506.456	1067.416	1078.392	1217.421
998.816	1059.184	743.624	933.875
1223.824	1127.784	850.640	1067.416
1341.816	1007.048	1026.256	1125.040
1262.240	869.848	1586.032	1239.373
1179.920	1185.408	751.856	1039.061
1575.056	1909.824	790.272	1425.051
954.912	1366.512	790.272	1037.232
1361.024	1289.680	0.000	883.568
1459.808	1429.624	784.784	1224.739
1572.312	957.656	683.256	1071.075
1355.536	1325.352	1174.432	1285.107
1402.184	1264.984	688.744	1118.637
1223.824	1618.960	669.536	1170.773
1306.144	971.376	946.680	1074.733
1081.136	1221.080	897.288	1066.501
1001.560	1440.600	779.296	1073.819
1256.752	1479.016	1042.720	1259.496
1004.304	1171.688	938.448	1038.147
1270.472	1382.976	1015.280	1222.909
1053.696	1564.080	1133.272	1250.349
1001.560	1572.312	921.984	1165.285
1188.152	1322.608	1212.848	1241.203
1259.496	1363.768	935.704	1186.323
1138.760	1339.072	968.632	1148.821
1056.440	1553.104	850.640	1153.395
1267.728	1591.520	872.592	1243.947
1289.680	1086.624	924.728	1100.344
1262.240	1259.496	721.672	1081.136
1308.888	1215.592	1070.160	1198.213
1308.888	1325.352	1174.432	1269.557
861.616	1070.160	924.728	952.168
1029.000	1243.032	1410.416	1227.483
1358.280	1083.880	1218.336	1220.165
1262.240	1122.296	943.936	1109.491
930.216	1358.280	905.520	1064.672
1385.720	1363.768	814.968	1188.152
998.816	1297.912	949.424	1082.051
1193.640	1078.392	762.832	1011.621
1031.744	1262.240	836.920	1043.635
957.656	1500.968	1067.416	1175.347
957.656	1275.960	856.128	1029.915
1270.472	1407.672	902.776	1193.640
1199.128	1481.760	1067.416	1249.435
1278.704	1306.144	1174.432	1253.093
1259.496	1190.896	954.912	1135.101
1056.440	1229.312	1374.744	1220.165
1303.400	1212.848	985.096	1167.115
1451.576	1136.016	894.544	1160.712
1306.144	1232.056	1190.896	1243.032
1083.880	1415.904	965.888	1155.224
1237.544	1141.504	935.704	1104.917
1130.528	954.912	1056.440	1047.293
1031.744	1199.128	867.104	1032.659
954.912	1221.080	1308.888	1161.627
1415.904	993.328	1103.088	1170.773
878.080	1234.800	710.696	941.192
1037.232	1042.720	1067.416	1049.123
1108.576	1377.488	1023.512	1169.859
979.608	1319.864	952.168	1083.880
1133.272	1064.672	1369.256	1189.067
1075.648	1240.288	823.200	1046.379
1048.208	1495.480	806.736	1116.808
1314.376	1122.296	1067.416	1168.029
1736.952	1119.552	1050.952	1302.485
1215.592	1144.248	823.200	1061.013
1289.680	1097.600	1020.768	1136.016
1462.552	987.840	1267.728	1239.373
1426.880	1295.168	1064.672	1262.240
998.816	932.960	1377.488	1103.088
1336.328	921.984	1270.472	1176.261
1322.608	1281.448	1078.392	1227.483
1391.208	1333.584	1347.304	1357.365
1536.640	1292.424	1369.256	1399.440
1580.544	1443.344	1056.440	1360.109
1177.176	850.640	1311.632	1113.149
1114.064	1094.856	1528.408	1245.776
1314.376	1358.280	1314.376	1329.011
1015.280	1086.624	993.328	1031.744
1322.608	990.584	1125.040	1146.077
1550.360	902.776	1163.456	1205.531
1415.904	798.504	1086.624	1100.344
1580.544	1223.824	1254.008	1352.792
1621.704	1116.808	1122.296	1286.936
1558.592	1094.856	1067.416	1240.288
1522.920	900.032	1179.920	1200.957
1350.048	1056.440	1138.760	1181.749
1382.976	976.864	1366.512	1242.117
1248.520	1273.216	1026.256	1182.664
1245.776	1144.248	1243.032	1211.019
1355.536	1226.568	985.096	1189.067
1157.968	1243.032	1531.152	1310.717
1577.800	1709.512	1457.064	1581.459
1410.416	1572.312	1325.352	1436.027
1533.896	1352.792	1136.016	1340.901
1662.864	968.632	1517.432	1382.976
1306.144	1347.304	1599.752	1417.733
1004.304	1103.088	1286.936	1131.443
1116.808	1201.872	1391.208	1236.629
1240.288	1160.712	1059.184	1153.395
1385.720	1339.072	1476.272	1400.355
1687.560	1492.736	1495.480	1558.592
1234.800	1424.136	1182.664	1280.533
1410.416	1146.992	1089.368	1215.592
1322.608	1306.144	1297.912	1308.888
1479.016	1577.800	1465.296	1507.371
1413.160	1506.456	1264.984	1394.867
1665.608	1479.016	1138.760	1427.795
1333.584	1207.360	1533.896	1358.280
1948.240	1361.024	924.728	1411.331
1489.992	1171.688	1146.992	1269.557
1317.120	1157.968	1555.848	1343.645
1819.272	1613.472	1039.976	1490.907
1100.344	1583.288	1026.256	1236.629
1391.208	1643.656	1168.944	1401.269
1426.880	1426.880	880.824	1244.861
1086.624	1443.344	963.144	1164.371
1410.416	1407.672	1103.088	1307.059
1292.424	1314.376	1363.768	1323.523
1500.968	1382.976	1363.768	1415.904
872.592	1223.824	1586.032	1227.483
1679.328	1489.992	1865.920	1678.413
1207.360	1355.536	1382.976	1315.291
1300.656	1586.032	1133.272	1339.987
1094.856	1547.616	1454.320	1365.597
1336.328	1361.024	1218.336	1305.229
1221.080	1284.192	1410.416	1305.229
1094.856	1037.232	1369.256	1167.115
1281.448	1119.552	1539.384	1313.461
1289.680	1311.632	1042.720	1214.677
1144.248	1188.152	1114.064	1148.821
1226.568	985.096	1174.432	1128.699
1174.432	1215.592	1259.496	1216.507
1286.936	1174.432	1108.576	1189.981
1662.864	1270.472	1385.720	1439.685
1289.680	1561.336	1270.472	1373.829
1393.952	1256.752	1314.376	1321.693
1300.656	1503.712	1188.152	1330.840
1350.048	1350.048	1039.976	1246.691
1341.816	1492.736	1218.336	1350.963
1201.872	1168.944	1207.360	1192.725
1122.296	1319.864	1215.592	1219.251
1363.768	1259.496	1311.632	1311.632
1511.944	1330.840	1393.952	1412.245
1575.056	834.176	1097.600	1168.944
1273.216	834.176	1218.336	1108.576
1454.320	1157.968	1083.880	1232.056
1336.328	1509.200	1311.632	1385.720
1465.296	1547.616	1465.296	1492.736
1284.192	1212.848	1747.928	1414.989
1190.896	1319.864	1424.136	1311.632
825.944	1289.680	1300.656	1138.760
1190.896	1341.816	1056.440	1196.384
1715.000	1215.592	1484.504	1471.699
1245.776	850.640	982.352	1026.256
1168.944	1171.688	1336.328	1225.653
1245.776	696.976	1273.216	1071.989
1215.592	1259.496	1454.320	1309.803
1479.016	1286.936	1103.088	1289.680
1160.712	858.872	974.120	997.901
1177.176	1328.096	1089.368	1198.213
847.896	1270.472	1399.440	1172.603
1328.096	1292.424	1193.640	1271.387
1083.880	1355.536	1072.904	1170.773
1580.544	1459.808	1558.592	1532.981
1517.432	1303.400	1201.872	1340.901
1616.216	1218.336	1122.296	1318.949
913.752	1281.448	782.040	992.413
1613.472	1116.808	941.192	1223.824
1289.680	1221.080	1240.288	1250.349
1114.064	1215.592	1177.176	1168.944
1454.320	1125.040	1259.496	1279.619
1248.520	1004.304	1459.808	1237.544
1794.576	1372.000	1363.768	1510.115
1256.752	1503.712	1544.872	1435.112
1278.704	1366.512	1245.776	1296.997
1144.248	1256.752	1053.696	1151.565
1421.392	1385.720	1522.920	1443.344
1418.648	1045.464	905.520	1123.211
1163.456	1440.600	1007.048	1203.701
1339.072	1915.312	1171.688	1475.357
1339.072	1940.008	1322.608	1533.896
1240.288	1489.992	1306.144	1345.475
954.912	1396.696	1185.408	1179.005
1476.272	1020.768	1297.912	1264.984
1166.200	1506.456	1341.816	1338.157
1575.056	1827.504	880.824	1427.795
1481.760	1522.920	1243.032	1415.904
1432.368	1432.368	1136.016	1333.584
1830.248	1476.272	1045.464	1450.661
1404.928	1319.864	1393.952	1372.915
1555.848	1300.656	1237.544	1364.683
1396.696	1380.232	1039.976	1272.301
1391.208	1761.648	1385.720	1512.859
1281.448	1758.904	1089.368	1376.573
1144.248	1684.816	1687.560	1505.541
1221.080	1487.248	1042.720	1250.349
1789.088	1237.544	1094.856	1373.829
916.496	1328.096	1805.552	1350.048
1575.056	1108.576	1240.288	1307.973
1045.464	1555.848	1201.872	1267.728
1182.664	1311.632	1232.056	1242.117
946.680	1163.456	1306.144	1138.760
1237.544	1317.120	1193.640	1249.435
1089.368	1105.832	1018.024	1071.075
740.880	897.288	1531.152	1056.440
1572.312	1487.248	1067.416	1375.659
1061.928	1509.200	954.912	1175.347
1146.992	1462.552	1437.856	1349.133
1171.688	1575.056	1314.376	1353.707
1393.952	1454.320	1262.240	1370.171
1259.496	1311.632	1188.152	1253.093
902.776	1575.056	1174.432	1217.421
1116.808	1380.232	842.408	1113.149
1256.752	1317.120	1007.048	1193.640
1393.952	1561.336	1086.624	1347.304
1295.168	1440.600	1056.440	1264.069
921.984	1275.960	1391.208	1196.384
883.568	1100.344	1199.128	1061.013
1440.600	1212.848	1267.728	1307.059
1210.104	1509.200	1050.952	1256.752
1385.720	1092.112	1251.264	1243.032
1503.712	1627.192	930.216	1353.707
1415.904	1465.296	817.712	1232.971
1835.736	1800.064	1226.568	1620.789
943.936	1662.864	996.072	1200.957
1624.448	1580.544	1251.264	1485.419
1594.264	1459.808	1358.280	1470.784
1572.312	1586.032	1413.160	1523.835
1193.640	1476.272	1240.288	1303.400
1533.896	1424.136	1586.032	1514.688
1347.304	1256.752	1676.584	1426.880
1155.224	1758.904	1525.664	1479.931
1564.080	1380.232	1358.280	1434.197
1753.416	1300.656	1012.536	1355.536
1410.416	1363.768	1023.512	1265.899
1240.288	1350.048	1300.656	1296.997
954.912	1366.512	1487.248	1269.557
1385.720	1243.032	1221.080	1283.277
1739.696	1550.360	1361.024	1550.360
1341.816	1336.328	1649.144	1442.429
875.336	1385.720	1393.952	1218.336
1029.000	1542.128	1138.760	1236.629
883.568	1489.992	1407.672	1260.411
1319.864	1358.280	1072.904	1250.349
1048.208	1303.400	1007.048	1119.552
1544.872	1179.920	1426.880	1383.891
976.864	1432.368	1495.480	1301.571
1182.664	1520.176	1212.848	1305.229
1575.056	1358.280	1240.288	1391.208
1067.416	1325.352	1160.712	1184.493
812.224	1081.136	911.008	934.789
902.776	1174.432	1004.304	1027.171
1103.088	976.864	1218.336	1099.429
1366.512	1542.128	1267.728	1392.123
1083.880	1374.744	1446.088	1301.571
1459.808	1133.272	1372.000	1321.693
1454.320	1248.520	1119.552	1274.131
1495.480	1531.152	952.168	1326.267
1544.872	1415.904	1232.056	1397.611
1339.072	1215.592	1270.472	1275.045
1355.536	1646.400	1286.936	1429.624
960.400	1201.872	1119.552	1093.941
974.120	1662.864	1443.344	1360.109
1580.544	1435.112	1020.768	1345.475
1308.888	1544.872	1443.344	1432.368
971.376	932.960	1319.864	1074.733
1273.216	1586.032	1138.760	1332.669
1292.424	1495.480	965.888	1251.264
1114.064	1514.688	1086.624	1238.459
998.816	1251.264	1092.112	1114.064
1470.784	1119.552	1157.968	1249.435
1451.576	1638.168	1182.664	1424.136
968.632	1531.152	1226.568	1242.117
1105.832	1443.344	1509.200	1352.792
979.608	1415.904	1399.440	1264.984
1583.288	1328.096	1448.832	1453.405
1344.560	1734.208	1201.872	1426.880
1259.496	1330.840	1396.696	1329.011
1446.088	1385.720	1421.392	1417.733
1286.936	1418.648	1352.792	1352.792
1380.232	1155.224	1243.032	1259.496
847.896	1704.024	1391.208	1314.376
996.072	1517.432	1059.184	1190.896
1264.984	1627.192	1061.928	1318.035
908.264	1528.408	1105.832	1180.835
1610.728	1539.384	1314.376	1488.163
1498.224	1443.344	828.688	1256.752
1413.160	1709.512	1083.880	1402.184
1303.400	1127.784	908.264	1113.149
1443.344	935.704	1152.480	1177.176
1020.768	1437.856	1042.720	1167.115
1273.216	1380.232	1163.456	1272.301
1015.280	1531.152	971.376	1172.603
1234.800	1372.000	1306.144	1304.315
1640.912	1511.944	1407.672	1520.176
1816.528	1492.736	749.112	1352.792
1745.184	1264.984	1199.128	1403.099
1443.344	1254.008	1588.776	1428.709
1130.528	1487.248	1078.392	1232.056
1284.192	1454.320	1407.672	1382.061
1366.512	1385.720	1193.640	1315.291
1514.688	1388.464	1067.416	1323.523
1369.256	1479.016	1361.024	1403.099
1555.848	1196.384	1267.728	1339.987
1081.136	1407.672	1053.696	1180.835
1097.600	1393.952	1322.608	1271.387
1347.304	1336.328	1303.400	1329.011
1413.160	1553.104	1122.296	1362.853
1380.232	1624.448	1330.840	1445.173
1868.664	1805.552	1114.064	1596.093
1610.728	1393.952	1018.024	1340.901
1679.328	1424.136	941.192	1348.219
1712.256	1245.776	1045.464	1334.499
1479.016	897.288	1196.384	1190.896
1358.280	1597.008	932.960	1296.083
1717.744	1347.304	916.496	1327.181
1311.632	1832.992	927.472	1357.365
1520.176	1322.608	1050.952	1297.912
1470.784	1451.576	1119.552	1347.304
1712.256	1303.400	1001.560	1339.072
1489.992	1624.448	1273.216	1462.552
1094.856	1635.424	1245.776	1325.352
1668.352	1127.784	1064.672	1286.936
1487.248	2107.392	1256.752	1617.131
1643.656	1660.120	911.008	1404.928
1440.600	1292.424	954.912	1229.312
1221.080	1358.280	982.352	1187.237
1199.128	1451.576	1081.136	1243.947
1605.240	1473.528	1050.952	1376.573
1712.256	1654.632	1473.528	1613.472
1149.736	1454.320	1168.944	1257.667
1542.128	1865.920	905.520	1437.856
1149.736	1188.152	1119.552	1152.480
1687.560	1382.976	1240.288	1436.941
1583.288	1424.136	979.608	1329.011
1440.600	1215.592	1347.304	1334.499
1495.480	1240.288	1144.248	1293.339
1531.152	1613.472	1366.512	1503.712
1687.560	1437.856	1207.360	1444.259
1802.808	2036.048	1050.952	1629.936
1355.536	1426.880	1385.720	1389.379
1443.344	1097.600	1385.720	1308.888
1361.024	1264.984	1322.608	1316.205
1492.736	1498.224	825.944	1272.301
1007.048	1308.888	1322.608	1212.848
1382.976	1018.024	943.936	1114.979
1212.848	1591.520	1262.240	1355.536
1369.256	1668.352	1157.968	1398.525
1440.600	1742.440	784.784	1322.608
1517.432	1687.560	1286.936	1497.309
1778.112	1421.392	1640.912	1613.472
1794.576	1865.920	982.352	1547.616
1791.832	1671.096	1023.512	1495.480
1171.688	2090.928	1067.416	1443.344
1196.384	1413.160	1402.184	1337.243
1791.832	1607.984	1207.360	1535.725
1064.672	1506.456	965.888	1179.005
1446.088	1517.432	1078.392	1347.304
1509.200	1896.104	1177.176	1527.493
1207.360	1597.008	1067.416	1290.595
1531.152	1437.856	1108.576	1359.195
1133.272	1566.824	1520.176	1406.757
1026.256	1569.568	971.376	1189.067
1369.256	1481.760	1308.888	1386.635
1382.976	1758.904	1067.416	1403.099
1330.840	1533.896	1377.488	1414.075
1723.232	1673.840	913.752	1436.941
1731.464	1232.056	993.328	1318.949
1539.384	1355.536	935.704	1276.875
1457.064	1388.464	1067.416	1304.315
982.352	1704.024	1053.696	1246.691
1306.144	1503.712	1193.640	1334.499
1146.992	1306.144	1020.768	1157.968
1802.808	1613.472	842.408	1419.563
2027.816	1621.704	900.032	1516.517
1528.408	1876.896	1336.328	1580.544
1484.504	1723.232	1130.528	1446.088
1489.992	1698.536	1281.448	1489.992
1402.184	1435.112	1086.624	1307.973
1454.320	1671.096	1015.280	1380.232
1223.824	1832.992	1157.968	1404.928
1542.128	1909.824	1064.672	1505.541
1256.752	1728.720	880.824	1288.765
1446.088	1794.576	1067.416	1436.027
1665.608	1561.336	1240.288	1489.077
1915.312	1599.752	1105.832	1540.299
1624.448	1717.744	1495.480	1612.557
1196.384	1841.224	1426.880	1488.163
1448.832	1940.008	1133.272	1507.371
1613.472	1728.720	1050.952	1464.381
1190.896	1591.520	1045.464	1275.960
1476.272	1997.632	1569.568	1681.157
1915.312	1684.816	935.704	1511.944
1994.888	2104.648	1745.184	1948.240
1599.752	1871.408	1092.112	1521.091
2011.352	1487.248	1020.768	1506.456
1610.728	1528.408	1130.528	1423.221
1758.904	1583.288	957.656	1433.283
1339.072	1690.304	1174.432	1401.269
1827.504	1544.872	1193.640	1522.005
1396.696	1489.992	1026.256	1304.315
1627.192	1805.552	1157.968	1530.237
1613.472	2156.784	1210.104	1660.120
1624.448	1470.784	1037.232	1377.488
1665.608	1731.464	1166.200	1521.091
1780.856	1909.824	784.784	1491.821
1234.800	1629.936	1281.448	1382.061
1769.880	1863.176	1451.576	1694.877
1311.632	1580.544	1039.976	1310.717
1824.760	1750.672	1256.752	1610.728
1613.472	1638.168	1127.784	1459.808
1896.104	1704.024	1380.232	1660.120
1361.024	1843.968	1226.568	1477.187
1459.808	1514.688	1160.712	1378.403
1259.496	1673.840	1034.488	1322.608
1374.744	1668.352	1210.104	1417.733
1525.664	1651.888	1100.344	1425.965
1264.984	1369.256	1039.976	1224.739
1860.432	1572.312	1092.112	1508.285
1382.976	1904.336	1204.616	1497.309
1465.296	1569.568	1259.496	1431.453
1045.464	1956.472	1083.880	1361.939
1764.392	1457.064	1072.904	1431.453
1553.104	1361.024	1020.768	1311.632
2107.392	1618.960	1086.624	1604.325
1621.704	1693.048	1303.400	1539.384
1264.984	1547.616	952.168	1254.923
1522.920	1259.496	1163.456	1315.291
1506.456	1594.264	1133.272	1411.331
1687.560	1594.264	1103.088	1461.637
1547.616	1767.136	1092.112	1468.955
1715.000	1572.312	993.328	1426.880
1583.288	1640.912	1133.272	1452.491
1712.256	1767.136	908.264	1462.552
1382.976	1558.592	1500.968	1480.845
1561.336	1517.432	1067.416	1382.061
1780.856	1432.368	1201.872	1471.699
1352.792	1547.616	1264.984	1388.464
1437.856	1668.352	1029.000	1378.403
1904.336	1292.424	1023.512	1406.757
2016.840	1520.176	762.832	1433.283
1245.776	1624.448	1064.672	1311.632
1797.320	1684.816	1018.024	1500.053
1539.384	1067.416	1037.232	1214.677
1654.632	1693.048	1037.232	1461.637
1797.320	1355.536	946.680	1366.512
1262.240	1440.600	1061.928	1254.923
1042.720	1816.528	1221.080	1360.109
1196.384	1624.448	1308.888	1376.573
1146.992	1366.512	762.832	1092.112
1204.616	1649.144	1199.128	1350.963
1660.120	1462.552	793.016	1305.229
1487.248	1739.696	757.344	1328.096
1188.152	1827.504	1023.512	1346.389
1591.520	1553.104	916.496	1353.707
1635.424	1912.568	1229.312	1592.435
1273.216	1588.776	1163.456	1341.816
1138.760	1322.608	1210.104	1223.824
1992.144	1624.448	1103.088	1573.227
1437.856	1489.992	1089.368	1339.072
1832.992	1377.488	1067.416	1425.965
1909.824	1388.464	886.312	1394.867
1457.064	1248.520	1103.088	1269.557
1553.104	1662.864	1275.960	1497.309
1363.768	1374.744	1300.656	1346.389
1204.616	1446.088	1251.264	1300.656
1382.976	1723.232	1015.280	1373.829
1489.992	1739.696	1029.000	1419.563
1484.504	1668.352	1791.832	1648.229
1256.752	1522.920	1092.112	1290.595
1363.768	1673.840	1399.440	1479.016
1747.928	1802.808	1111.320	1554.019
1361.024	1638.168	1133.272	1377.488
1468.040	1896.104	1174.432	1512.859
1273.216	1717.744	1201.872	1397.611
1629.936	1432.368	1314.376	1458.893
1865.920	1882.384	1103.088	1617.131
1572.312	1690.304	1404.928	1555.848
1459.808	1734.208	1591.520	1595.179
1753.416	1352.792	1262.240	1456.149
1635.424	1594.264	1341.816	1523.835
1778.112	1550.360	1185.408	1504.627
1640.912	1372.000	1075.648	1362.853
1613.472	1816.528	1237.544	1555.848
1728.720	1758.904	1251.264	1579.629
1413.160	1429.624	1264.984	1369.256
1695.792	1152.480	1083.880	1310.717
1931.776	1544.872	1190.896	1555.848
1196.384	1690.304	1092.112	1326.267
1739.696	1457.064	1319.864	1505.541
803.992	1352.792	1193.640	1116.808
1484.504	1303.400	1122.296	1303.400
1671.096	1457.064	1319.864	1482.675
1322.608	1676.584	1366.512	1455.235
1756.160	1344.560	1111.320	1404.013
1720.488	1369.256	1138.760	1409.501
1481.760	1352.792	1303.400	1379.317
1517.432	1284.192	1188.152	1329.925
1723.232	1772.624	1125.040	1540.299
1723.232	1182.664	1443.344	1449.747
2044.280	1251.264	982.352	1425.965
2337.888	1440.600	1336.328	1704.939
1701.280	1454.320	1210.104	1455.235
1767.136	1517.432	1289.680	1524.749
1816.528	1695.792	1286.936	1599.752
2132.088	1671.096	935.704	1579.629
2115.624	1443.344	1577.800	1712.256
1484.504	1481.760	1281.448	1415.904
1706.768	1616.216	1308.888	1543.957
1479.016	1377.488	1251.264	1369.256
1959.216	1506.456	1909.824	1791.832
1199.128	1629.936	1440.600	1423.221
2123.856	1854.944	1075.648	1684.816
1747.928	1555.848	1089.368	1464.381
1341.816	1646.400	998.816	1329.011
1566.824	2058.000	1396.696	1673.840
2214.408	2359.840	1182.664	1918.971
1668.352	1221.080	1155.224	1348.219
1640.912	1325.352	1020.768	1329.011
1649.144	1207.360	1221.080	1359.195
1747.928	1586.032	974.120	1436.027
2074.464	1336.328	968.632	1459.808
2052.512	1632.680	1308.888	1664.693
1484.504	1682.072	1229.312	1465.296
2156.784	1432.368	1440.600	1676.584
1742.440	1489.992	1100.344	1444.259
2170.504	1676.584	1399.440	1748.843
1978.424	1553.104	1160.712	1564.080
1196.384	1473.528	1270.472	1313.461
2016.840	1618.960	1262.240	1632.680
1671.096	1462.552	1009.792	1381.147
1992.144	1415.904	1130.528	1512.859
1854.944	1473.528	1092.112	1473.528
1805.552	1613.472	1086.624	1501.883
2222.640	1273.216	1210.104	1568.653
2228.128	1355.536	1319.864	1634.509
1772.624	1193.640	1193.640	1386.635
2604.056	1380.232	1278.704	1754.331
2112.880	1237.544	1355.536	1568.653
1964.704	1832.992	1435.112	1744.269
1904.336	1723.232	1363.768	1663.779
1698.536	1555.848	1539.384	1597.923
1492.736	1506.456	1344.560	1447.917
2650.704	1193.640	1218.336	1687.560
2263.800	1339.072	1185.408	1596.093
1794.576	1572.312	1391.208	1586.032
2343.376	1550.360	1138.760	1677.499
1413.160	1816.528	1020.768	1416.819
1992.144	1500.968	1152.480	1548.531
1723.232	1481.760	935.704	1380.232
1566.824	1251.264	1415.904	1411.331
1753.416	1536.640	941.192	1410.416
1465.296	1893.360	1413.160	1590.605
1904.336	1473.528	1347.304	1575.056
1857.688	1673.840	1075.648	1535.725
1835.736	1682.072	1122.296	1546.701
1558.592	1613.472	1081.136	1417.733
2025.072	1621.704	1229.312	1625.363
1852.200	1725.976	1212.848	1597.008
1863.176	1758.904	1528.408	1716.829
1415.904	1440.600	1363.768	1406.757
1671.096	1583.288	1492.736	1582.373
1597.008	1393.952	1767.136	1586.032
1572.312	1506.456	1599.752	1559.507
1281.448	1863.176	1157.968	1434.197
2189.712	1492.736	1473.528	1718.659
1907.080	1528.408	1745.184	1726.891
1923.544	1618.960	1440.600	1661.035
1811.040	1303.400	1500.968	1538.469
1657.376	1561.336	1031.744	1416.819
1822.016	1443.344	1377.488	1547.616
1915.312	1522.920	1465.296	1634.509
2126.600	1660.120	1742.440	1843.053
2055.256	1599.752	1555.848	1736.952
1747.928	1830.248	1443.344	1673.840
2019.584	1767.136	1465.296	1750.672
1791.832	1520.176	1097.600	1469.869
1767.136	1720.488	1251.264	1579.629
2433.928	2016.840	1580.544	2010.437
1937.264	1734.208	1234.800	1635.424
1698.536	1835.736	1500.968	1678.413
1668.352	1687.560	1023.512	1459.808
1961.960	1393.952	1347.304	1567.739
1808.296	1500.968	1004.304	1437.856
1967.448	1846.712	1163.456	1659.205
1983.912	1767.136	1270.472	1673.840
1564.080	1715.000	1133.272	1470.784
1983.912	1599.752	1336.328	1639.997
1424.136	1780.856	1190.896	1465.296
1481.760	1454.320	1111.320	1349.133
1657.376	1344.560	1012.536	1338.157
1934.520	1520.176	1492.736	1649.144
1481.760	1646.400	1333.584	1487.248
1753.416	1577.800	1479.016	1603.411
2063.488	1094.856	1264.984	1474.443
1651.888	1339.072	1561.336	1517.432
1868.664	1413.160	1278.704	1520.176
1410.416	1190.896	1136.016	1245.776
1981.168	1127.784	902.776	1337.243
1580.544	1624.448	1050.952	1418.648
1682.072	1204.616	985.096	1290.595
1769.880	1514.688	1221.080	1501.883
1673.840	1284.192	1264.984	1407.672
1503.712	1605.240	1314.376	1474.443
1355.536	1256.752	1136.016	1249.435
1289.680	1863.176	1004.304	1385.720
1426.880	1736.952	1270.472	1478.101
1564.080	1778.112	1092.112	1478.101
1292.424	1399.440	1193.640	1295.168
1780.856	1382.976	1105.832	1423.221
1536.640	1306.144	965.888	1269.557
1649.144	1679.328	1122.296	1483.589
1174.432	1547.616	1119.552	1280.533
1679.328	2082.696	1207.360	1656.461
1325.352	1583.288	1377.488	1428.709
1533.896	1682.072	1264.984	1493.651
1289.680	1509.200	1333.584	1377.488
1569.568	1687.560	1404.928	1554.019
1487.248	1778.112	1350.048	1538.469
1555.848	1767.136	1009.792	1444.259
1468.040	1843.968	1218.336	1510.115
1745.184	1591.520	996.072	1444.259
1476.272	1860.432	1177.176	1504.627
1597.008	1577.800	1701.280	1625.363
1915.312	1459.808	1048.208	1474.443
1476.272	1865.920	1141.504	1494.565
1514.688	1909.824	1182.664	1535.725
2058.000	1745.184	1404.928	1736.037
1591.520	2099.160	1322.608	1671.096
1704.024	1857.688	1155.224	1572.312
1827.504	1629.936	1174.432	1543.957
2041.536	1931.776	1322.608	1765.307
1544.872	1651.888	1281.448	1492.736
1654.632	1959.216	990.584	1534.811
1616.216	1509.200	1295.168	1473.528
1627.192	1797.320	1382.976	1602.496
1558.592	1292.424	1081.136	1310.717
1720.488	1278.704	932.960	1310.717
1473.528	1319.864	1026.256	1273.216
1347.304	1964.704	1616.216	1642.741
1415.904	1476.272	1372.000	1421.392
1890.616	1215.592	1328.096	1478.101
1618.960	1328.096	1251.264	1399.440
1775.368	1533.896	1039.976	1449.747
1629.936	1638.168	1122.296	1463.467
1983.912	1929.032	1256.752	1723.232
1778.112	1986.656	1020.768	1595.179
2178.736	1553.104	1196.384	1642.741
2107.392	1484.504	987.840	1526.579
1660.120	2222.640	1374.744	1752.501
1874.152	1599.752	1344.560	1606.155
2016.840	1994.888	1232.056	1747.928
1830.248	1473.528	839.664	1381.147
1780.856	1794.576	1081.136	1552.189
1841.224	1487.248	1064.672	1464.381
1668.352	1421.392	1155.224	1414.989
1492.736	1835.736	1146.992	1491.821
1813.784	1413.160	1130.528	1452.491
1399.440	1352.792	1350.048	1367.427
1396.696	1396.696	1105.832	1299.741
1550.360	1632.680	1286.936	1489.992
1824.760	1240.288	1297.912	1454.320
1517.432	1070.160	976.864	1188.152
1992.144	1682.072	1059.184	1577.800
2071.720	1627.192	985.096	1561.336
1715.000	1736.952	1174.432	1542.128
1709.512	1448.832	1218.336	1458.893
1953.728	1959.216	1141.504	1684.816
1517.432	1945.496	1023.512	1495.480
1876.896	1484.504	1229.312	1530.237
2038.792	1539.384	1111.320	1563.165
2082.696	1739.696	1210.104	1677.499
1959.216	1443.344	1330.840	1577.800
2016.840	1476.272	1007.048	1500.053
1972.936	1937.264	1166.200	1692.133
1885.128	2011.352	1251.264	1715.915
1871.408	2052.512	1138.760	1687.560
2466.856	1843.968	1190.896	1833.907
1297.912	2022.328	1092.112	1470.784
1484.504	1725.976	1212.848	1474.443
1396.696	1594.264	1193.640	1394.867
1402.184	1745.184	1018.024	1388.464
1289.680	1854.944	1059.184	1401.269
1621.704	1915.312	1190.896	1575.971
1531.152	1838.480	979.608	1449.747
1769.880	2123.856	913.752	1602.496
1854.944	1594.264	842.408	1430.539
1396.696	1742.440	1185.408	1441.515
1627.192	1550.360	869.848	1349.133
1264.984	1237.544	1215.592	1239.373
1618.960	1555.848	919.240	1364.683
1520.176	1492.736	727.160	1246.691
1646.400	1489.992	1064.672	1400.355
1240.288	1295.168	724.416	1086.624
1778.112	1778.112	1240.288	1598.837
1525.664	1413.160	1300.656	1413.160
1632.680	1509.200	924.728	1355.536
1717.744	1243.032	1103.088	1354.621
1558.592	1660.120	1243.032	1487.248
1640.912	1978.424	831.432	1483.589
1668.352	1972.936	902.776	1514.688
1904.336	1489.992	820.456	1404.928
1948.240	1468.040	1347.304	1587.861
2230.872	1492.736	1355.536	1693.048
1542.128	1811.040	1136.016	1496.395
1509.200	1607.984	1221.080	1446.088
1363.768	1613.472	1094.856	1357.365
1525.664	1429.624	1240.288	1398.525
1391.208	1498.224	1218.336	1369.256
1720.488	2027.816	1078.392	1608.899
1514.688	2230.872	1155.224	1633.595
2079.952	1583.288	1270.472	1644.571
1668.352	1613.472	1207.360	1496.395
1651.888	2206.176	1580.544	1812.869
1580.544	2088.184	1643.656	1770.795
2016.840	1805.552	1459.808	1760.733
1404.928	2154.040	1248.520	1602.496
1926.288	1586.032	1254.008	1588.776
1361.024	1613.472	1103.088	1359.195
1498.224	1706.768	1500.968	1568.653
2074.464	1764.392	1533.896	1790.917
1605.240	1953.728	1004.304	1521.091
1514.688	2005.864	1059.184	1526.579
2030.560	2049.768	1254.008	1778.112
1506.456	1289.680	1114.064	1303.400
1432.368	1682.072	1317.120	1477.187
1542.128	2250.080	1506.456	1766.221
1547.616	1341.816	1125.040	1338.157
1410.416	1863.176	1125.040	1466.211
1511.944	1528.408	1015.280	1351.877
1651.888	1528.408	1149.736	1443.344
1764.392	2060.744	971.376	1598.837
1514.688	1591.520	1072.904	1393.037
1643.656	1605.240	1462.552	1570.483
1506.456	2244.592	1380.232	1710.427
1426.880	1904.336	1026.256	1452.491
1440.600	1322.608	1210.104	1324.437
1643.656	1319.864	1122.296	1361.939
1388.464	1432.368	1366.512	1395.781
1605.240	2154.040	1415.904	1725.061
1657.376	1415.904	1350.048	1474.443
1819.272	2085.440	1259.496	1721.403
1597.008	1786.344	1056.440	1479.931
1929.032	1808.296	897.288	1544.872
1671.096	1572.312	1193.640	1479.016
1712.256	1638.168	1108.576	1486.333
1989.400	1654.632	897.288	1513.773
1827.504	1607.984	1306.144	1580.544
1731.464	1706.768	1295.168	1577.800
1536.640	1887.872	1119.552	1514.688
1484.504	2088.184	1081.136	1551.275
1717.744	1767.136	1157.968	1547.616
1448.832	1745.184	1196.384	1463.467
1632.680	1643.656	1243.032	1506.456
1429.624	1632.680	1070.160	1377.488
1887.872	1964.704	1284.192	1712.256
0.000	2003.120	1322.608	1108.576
1583.288	1898.848	1336.328	1606.155
1511.944	1961.960	1130.528	1534.811
1421.392	1591.520	1361.024	1457.979
	1657.376	1363.768	
1432.368	1937.264	1289.680	1553.104
	1500.968	1081.136	
1413.160	2079.952	1100.344	1531.152
1503.712	1769.880	1092.112	1455.235
1616.216	1558.592	1270.472	1481.760
1654.632	2195.200	1026.256	1625.363
1640.912	2584.848	1061.928	1762.563
1624.448	2414.720	1034.488	1691.219
1443.344	1558.592	998.816	1333.584
	1972.936	1182.664	
1640.912	1912.568	1157.968	1570.483
2071.720	1827.504	993.328	1630.851
1684.816	1758.904	1243.032	1562.251
2151.296	1646.400	1097.600	1631.765
	1975.680	1385.720	
1531.152	1618.960	1229.312	1459.808
1731.464	2071.720	1240.288	1681.157
1912.568	1550.360	1182.664	1548.531
1665.608	1940.008	1424.136	1676.584
1731.464	1635.424	1402.184	1589.691
1745.184	2003.120	1138.760	1629.021
1882.384	1621.704	1487.248	1663.779
1404.928	1775.368	1149.736	1443.344
1761.648	2016.840	1322.608	1700.365
	1454.320	1234.800	
1824.760	1671.096	1350.048	1615.301
2093.672	2145.808	1070.160	1769.880
1764.392	1926.288	1237.544	1642.741
1259.496	2165.016	1105.832	1510.115
	1937.264	1089.368	
	1649.144	1070.160	
1372.000	1654.632	1100.344	1375.659
	1643.656	1278.704	
	2027.816	1114.064	
	1561.336	974.120	
1618.960	1857.688	1059.184	1511.944
1621.704	1904.336	1278.704	1601.581
	1613.472	921.984	
0.000	1981.168	1457.064	1146.077
1457.064	1701.280	1577.800	1578.715
1457.064	1547.616	1503.712	1502.797
1319.864	1212.848	1243.032	1258.581
1709.512	1569.568	1174.432	1484.504
	1325.352	1130.528	
	1336.328	1289.680	
	1429.624	1130.528	
	1522.920	1437.856	
1602.496	1358.280	1218.336	1393.037
1492.736	1937.264	1717.744	1715.915
1920.800	1492.736	1336.328	1583.288
	1599.752	1306.144	
1742.440	1352.792	1251.264	1448.832
1520.176	1909.824	1517.432	1649.144
1355.536	1136.016	1586.032	1359.195
1676.584	1654.632	1330.840	1554.019
	1303.400	1264.984	
1651.888	1399.440	1358.280	1469.869
1369.256	1413.160	1391.208	1391.208
1413.160	1476.272	998.816	1296.083
	1459.808	1303.400	
1380.232	1402.184	1459.808	1414.075
1317.120	1295.168	1122.296	1244.861
1635.424	1506.456	1404.928	1515.603
1643.656	1413.160	1152.480	1403.099
	1709.512	1204.616	
1651.888	1457.064	1402.184	1503.712
1188.152	2222.640	1086.624	1499.139
	1602.496	1267.728	
1843.968	1651.888	996.072	1497.309
1945.496	1435.112	996.072	1458.893
1322.608	1366.512	1243.032	1310.717
	1728.720	1369.256	
1715.000	1352.792	1481.760	1516.517
	1418.648	1237.544	
1586.032	1547.616	1190.896	1441.515
	1687.560	1311.632	
	1616.216	1308.888	
	1308.888	1001.560	
	1712.256	1081.136	
	1275.960	1174.432	
	1583.288	1374.744	
1605.240	1146.992	938.448	1230.227
	1824.760	943.936	
	1157.968	886.312	
	1863.176	1297.912	
2016.840	1275.960	1133.272	1475.357
1506.456	1391.208	1127.784	1341.816
1709.512	0.000	1286.936	998.816
1555.848	1599.752	1097.600	1417.733
	1479.016	919.240	
1459.808	1684.816	1281.448	1475.357
	1152.480	1174.432	
	1317.120	1081.136	
	1898.848	1155.224	
	1594.264	1064.672	
	1190.896	1163.456	
	1863.176	993.328	
2027.816	1791.832	1668.352	1829.333
1446.088	1317.120	1146.992	1303.400
	1783.600	1297.912	
1399.440	1481.760	921.984	1267.728
1440.600	1679.328	943.936	1354.621
	1780.856	1023.512	
1536.640	1564.080	1179.920	1426.880
1481.760	1468.040	1171.688	1373.829
1879.640	1457.064	1511.944	1616.216
1399.440	1662.864	1064.672	1375.659
	1580.544	1072.904	
1586.032	1136.016	1275.960	1332.669
	1221.080	1289.680	
	1495.480	1116.808	
	1594.264	1179.920	
	1627.192	979.608	
1382.976	1369.256	1138.760	1296.997
	1558.592	993.328	
	1382.976	1039.976	
	1742.440	1136.016	
	0.000	963.144	
1457.064	1492.736	908.264	1286.021
1605.240	1369.256	1366.512	1447.003
	1564.080	1281.448	
1594.264	1613.472	1075.648	1427.795
1857.688	1854.944	1188.152	1633.595
1959.216	1566.824	1448.832	1658.291
	1410.416	1177.176	
1446.088	1758.904	1141.504	1448.832
1558.592	1221.080	894.544	1224.739
1498.224	1715.000	1015.280	1409.501
1846.712	1319.864	1221.080	1462.552
	1835.736	957.656	
1687.560	0.000	1111.320	932.960
	1193.640	1031.744	
2140.320	911.008	1029.000	1360.109
	1468.040	968.632	
	0.000	1119.552	
	0.000	965.888	
1717.744	1270.472	1245.776	1411.331
	1706.768	965.888	
	1281.448	1177.176	
1915.312	0.000	878.080	931.131
	1259.496	990.584	
	1725.976	985.096	
1827.504	1185.408	1295.168	1436.027
	1031.744	1042.720	
	1391.208	1018.024	
	1725.976	1007.048	
	2030.560	1127.784	
	1355.536	1108.576	
	1484.504	993.328	
	1489.992	1251.264	
	985.096	1157.968	
	1676.584	1130.528	
	1511.944	1100.344	
	1122.296	1007.048	
1520.176	1402.184	1218.336	1380.232
1424.136	1339.072	1188.152	1317.120
	1133.272	1292.424	
	1824.760	820.456	
	1843.968	1330.840	
1646.400	1138.760	1308.888	1364.683
1671.096	1273.216	1166.200	1370.171
	1473.528	998.816	
	1026.256	1042.720	
	1640.912	1009.792	
	1640.912	1171.688	
	1347.304	908.264	
	1731.464	932.960	
	1457.064	971.376	
	1868.664	1185.408	
	1339.072	1388.464	
	1311.632	1155.224	
	1580.544	1105.832	
	1610.728	1267.728	
	1193.640	1232.056	
	1157.968	1273.216	
	1769.880	1039.976	
1635.424	1747.928	974.120	1452.491
	1632.680	1064.672	
1479.016	1308.888	1218.336	1335.413
	1778.112	1070.160	
	1717.744	1273.216	
	1248.520	993.328	
1602.496	1166.200	905.520	1224.739
2112.880	1616.216	976.864	1568.653
	2066.232	1037.232	
	1657.376	1089.368	
1783.600	1026.256	1133.272	1314.376
	1264.984	960.400	
1536.640	0.000	1072.904	869.848
	1270.472	1059.184	
1385.720	1380.232	1152.480	1306.144
	1330.840	1171.688	
	1651.888	1182.664	
	1295.168	1018.024	
	1503.712	957.656	
	1901.592	1136.016	
1388.464	1709.512	1440.600	1512.859
1616.216	1811.040	1092.112	1506.456
	1635.424	1111.320	
	1410.416	1059.184	
	1243.032	1097.600	
	1204.616	1166.200	
1613.472	1767.136	1355.536	1578.715
	1174.432	1061.928	
	1374.744	1509.200	
	1484.504	1078.392	
1690.304	1657.376	1086.624	1478.101
	1446.088	963.144	
1731.464	1846.712	1366.512	1648.229
	1481.760	1629.936	
	1794.576	1050.952	
	1791.832	1262.240	
	1569.568	1152.480	
	1369.256	979.608	
	1627.192	1330.840	
	1640.912	998.816	
1931.776	1489.992	1284.192	1568.653
1498.224	1756.160	1432.368	1562.251
1758.904	1929.032	1232.056	1639.997
	2093.672	1070.160	
1802.808	1451.576	1007.048	1420.477
	1843.968	1136.016	
	1248.520	1251.264	
1564.080	1621.704	1001.560	1395.781
	1286.936	1322.608	
	1133.272	1004.304	
	1185.408	1171.688	
	1155.224	900.032	
	1459.808	1188.152	
	1462.552	974.120	
1822.016	1544.872	971.376	1446.088
	1254.008	943.936	
	1330.840	1111.320	
1468.040	1094.856	1111.320	1224.739
2184.224	1229.312	1311.632	1575.056
	1067.416	1248.520	
	1756.160	949.424	
	1108.576	1020.768	
	1355.536	990.584	
	1251.264	1100.344	
	1632.680	801.248	
	1865.920	823.200	
	1199.128	932.960	
	1555.848	1317.120	
	1166.200	960.400	
	1319.864	801.248	
	1160.712	1075.648	
	1237.544	965.888	
	1418.648	1105.832	
	1424.136	1004.304	
	1372.000	1018.024	
	1207.360	847.896	
	1286.936	949.424	
	1402.184	762.832	
	1163.456	965.888	
	1715.000	1168.944	
	1372.000	946.680	
	1119.552	853.384	
	1457.064	1130.528	
	1432.368	793.016	
	1094.856	1020.768	
	1119.552	1089.368	
	1377.488	1105.832	
	1363.768	1188.152	
	1605.240	839.664	
	1446.088	886.312	
	1868.664	938.448	
	1388.464	867.104	
	1640.912	949.424	
1605.240	1544.872	889.056	1346.389
	1317.120	828.688	
	1223.824	1078.392	
	1004.304	1064.672	
	1421.392	916.496	
	1561.336	1119.552	
	1459.808	1056.440	
	1157.968	1067.416	
	1816.528	1311.632	
	1212.848	1108.576	
	1698.536	1004.304	
	1407.672	836.920	
	1618.960	1094.856	
	1223.824	1018.024	
	1361.024	1026.256	
	1468.040	1388.464	
	1009.792	1029.000	
	1059.184	1223.824	
	1141.504	957.656	
1728.720	1580.544	1007.048	1438.771
	1531.152	883.568	
1907.080	1621.704	1229.312	1586.032
	1602.496	1163.456	
1586.032	1075.648	1042.720	1234.800
	1544.872	1086.624	
1580.544	1311.632	872.592	1254.923
	1402.184	1078.392	
	1440.600	1031.744	
2027.816	1369.256	1275.960	1557.677
	1660.120	1251.264	
	1446.088	1007.048	
	1594.264	1029.000	
	1344.560	1237.544	
	1684.816	1039.976	
	1374.744	1061.928	
	1385.720	943.936	
	1484.504	1037.232	
1632.680	1319.864	952.168	1301.571
1624.448	1588.776	828.688	1347.304
	1248.520	1116.808	
	1344.560	1012.536	
1756.160	1023.512	1086.624	1288.765
	1473.528	1196.384	
	1061.928	1045.464	
2225.384	1259.496	1204.616	1563.165
	1547.616	1221.080	
	1218.336	1152.480	
	1566.824	1314.376	
	1553.104	1328.096	
	1232.056	921.984	
	1736.952	1273.216	
	1616.216	1300.656	
	1341.816	1437.856	
	1179.920	1210.104	
	1448.832	1188.152	
	1440.600	1138.760	
	1432.368	1525.664	
	1731.464	1221.080	
	1418.648	946.680	
	1671.096	1067.416	
	1583.288	1012.536	
2115.624	1344.560	1157.968	1539.384
	1336.328	897.288	
	1583.288	1086.624	
2192.456	1731.464	1116.808	1680.243
	971.376	1509.200	
1802.808	1146.992	1303.400	1417.733
	1322.608	1201.872	
	1284.192	1185.408	
1854.944	1404.928	1300.656	1520.176
	1429.624	1146.992	
	1212.848	1136.016	
	1155.224	1308.888	
	1564.080	1177.176	
	1369.256	1278.704	
	1053.696	1212.848	
	1424.136	1489.992	
	1133.272	1234.800	
1961.960	1190.896	1311.632	1488.163
1665.608	1166.200	1034.488	1288.765
	1366.512	1072.904	
	1306.144	1204.616	
1717.744	1207.360	1026.256	1317.120
2233.616	1097.600	1045.464	1458.893
	1199.128	1072.904	
2250.080	1248.520	878.080	1458.893
	1473.528	823.200	
2033.304	1232.056	1012.536	1425.965
2047.024	1157.968	1050.952	1418.648
1813.784	1259.496	1163.456	1412.245
	1391.208	1103.088	
	1251.264	1031.744	
2140.320	1273.216	1262.240	1558.592
	976.864	982.352	
2203.432	1330.840	1328.096	1620.789
1896.104	1671.096	1292.424	1619.875
1588.776	1201.872	1078.392	1289.680
1822.016	1031.744	1473.528	1442.429
1539.384	1311.632	1657.376	1502.797
1945.496	985.096	1243.032	1391.208
1964.704	1388.464	932.960	1428.709
	1605.240	1188.152	
1874.152	1671.096	1558.592	1701.280
1822.016	1330.840	1185.408	1446.088
1715.000	1328.096	872.592	1305.229
1753.416	1500.968	1133.272	1462.552
	1149.736	1553.104	
	1100.344	1218.336	
	1100.344	1385.720	
	1094.856	1193.640	
	1114.064	1215.592	
2058.000	1511.944	1286.936	1618.960
1898.848	1481.760	1149.736	1510.115
	1204.616	1053.696	
	1542.128	1234.800	
	1536.640	1341.816	
2170.504	1380.232	1734.208	1761.648
2055.256	1199.128	1141.504	1465.296
1717.744	1278.704	1426.880	1474.443
	1533.896	1388.464	
	1487.248	1465.296	
1849.456	1424.136	1146.992	1473.528
	1185.408	1157.968	
1961.960	1629.936	1273.216	1621.704
1539.384	1111.320	1185.408	1278.704
2115.624	1605.240	1479.016	1733.293
	1056.440	1319.864	
	1103.088	987.840	
	1146.992	1018.024	
1874.152	1465.296	1229.312	1522.920
1827.504	1404.928	1264.984	1499.139
1610.728	1429.624	1292.424	1444.259
2112.880	1382.976	1440.600	1645.485
2060.744	1459.808	1890.616	1803.723
1879.640	1588.776	1690.304	1719.573
2318.680	1127.784	1297.912	1581.459
	1725.976	1443.344	
2016.840	1588.776	1520.176	1708.597
1805.552	1646.400	1553.104	1668.352
2280.264	1457.064	1396.696	1711.341
2228.128	1690.304	1361.024	1759.819
2744.000	1363.768	1654.632	1920.800
1794.576	1583.288	1168.944	1515.603
2324.168	1597.008	1199.128	1706.768
2568.384	1229.312	1671.096	1822.931
2214.408	1350.048	1725.976	1763.477
2384.536	1517.432	1797.320	1899.763
2513.504	1413.160	1333.584	1753.416
	1657.376	1385.720	
1920.800	1407.672	1651.888	1660.120
1569.568	1753.416	1223.824	1515.603
	1435.112	1514.688	
	1245.776	1300.656	
2422.952	1429.624	1462.552	1771.709
2529.968	1511.944	1363.768	1801.893
2384.536	1259.496	1127.784	1590.605
1904.336	1432.368	1243.032	1526.579
2030.560	1597.008	1179.920	1602.496
2044.280	1583.288	1086.624	1571.397
2431.184	1693.048	1122.296	1748.843
2011.352	1097.600	1292.424	1467.125
2302.216	1564.080	976.864	1614.387
	1262.240	1415.904	
	1243.032	1325.352	
2173.248	1454.320	1237.544	1621.704
2203.432	1440.600	1635.424	1759.819
2134.832	1355.536	1369.256	1619.875
	1259.496	1558.592	
2488.808	1152.480	1245.776	1629.021
2411.976	1418.648	1138.760	1656.461
2011.352	1262.240	1448.832	1574.141
1468.040	1580.544	1248.520	1432.368
1849.456	1500.968	1350.048	1566.824
1956.472	1415.904	1050.952	1474.443
2052.512	1720.488	1264.984	1679.328
1544.872	1580.544	1221.080	1448.832
1506.456	1146.992	1190.896	1281.448
2074.464	1369.256	1588.776	1677.499
2332.400	1168.944	1676.584	1725.976
2066.232	1248.520	1500.968	1605.240
1476.272	1586.032	1426.880	1496.395
1640.912	1525.664	1588.776	1585.117
1706.768	1127.784	1275.960	1370.171
1854.944	1218.336	1610.728	1561.336
2247.336	1473.528	1827.504	1849.456
1813.784	1550.360	1621.704	1661.949
1605.240	1800.064	1816.528	1740.611
2104.648	1558.592	1286.936	1650.059
2178.736	1739.696	1564.080	1827.504
1602.496	1201.872	1306.144	1370.171
1863.176	1767.136	1157.968	1596.093
2154.040	1473.528	1679.328	1768.965
1561.336	2145.808	1347.304	1684.816
2211.664	1660.120	1531.152	1800.979
2132.088	1393.952	1544.872	1690.304
2093.672	1682.072	1366.512	1714.085
2411.976	1426.880	1232.056	1690.304
1424.136	2033.304	1347.304	1601.581
2058.000	1292.424	1229.312	1526.579
1673.840	1797.320	1336.328	1602.496
2217.152	1385.720	1470.784	1691.219
1750.672	1382.976	1330.840	1488.163
2236.360	1229.312	1503.712	1656.461
	1391.208	1254.008	
2483.320	1311.632	1188.152	1661.035
1662.864	1067.416	1138.760	1289.680
	1407.672	1407.672	
	1635.424	1396.696	
	1695.792	1286.936	
	1355.536	1498.224	
	1122.296	1223.824	
1794.576	1668.352	1240.288	1567.739
1553.104	1223.824	1336.328	1371.085
	1207.360	1330.840	
1720.488	1259.496	1061.928	1347.304
1843.968	1190.896	1234.800	1423.221
1791.832	1196.384	1317.120	1435.112
	1204.616	1500.968	
	0.000	1116.808	
2222.640	1286.936	1399.440	1636.339
1764.392	1736.952	1243.032	1581.459
2066.232	1621.704	1451.576	1713.171
1882.384	1393.952	1366.512	1547.616
2337.888	1564.080	1539.384	1813.784
1761.648	1725.976	1300.656	1596.093
1723.232	1819.272	1254.008	1598.837
1736.952	1657.376	1355.536	1583.288
	1355.536	1448.832	
2192.456	1322.608	1459.808	1658.291
2055.256	1577.800	1396.696	1676.584
1695.792	1303.400	1221.080	1406.757
	1533.896	1295.168	
1629.936	0.000	1295.168	975.035
1747.928	1624.448	1251.264	1541.213
2431.184	1646.400	1160.712	1746.099
1896.104	1339.072	1413.160	1549.445
2107.392	1580.544	1583.288	1757.075
2598.568	891.800	1270.472	1586.947
1550.360	1742.440	1380.232	1557.677
2170.504	1627.192	1597.008	1798.235
	2005.864	1199.128	
1665.608	1536.640	1413.160	1538.469
1709.512	1350.048	1682.072	1580.544
1918.056	1684.816	1522.920	1708.597
1454.320	1119.552	1089.368	1221.080
1950.984	1580.544	1723.232	1751.587
1780.856	1517.432	1476.272	1591.520
1520.176	1509.200	1572.312	1533.896
1937.264	1415.904	1489.992	1614.387
2376.304	1731.464	1404.928	1837.565
2370.816	1358.280	1673.840	1800.979
2250.080	1270.472	1350.048	1623.533
1937.264	1347.304	1448.832	1577.800
1893.360	1377.488	1226.568	1499.139
1698.536	1350.048	1226.568	1425.051
	1536.640	1481.760	
1964.704	1350.048	1352.792	1555.848
2085.440	1706.768	1459.808	1750.672
2055.256	1221.080	1339.072	1538.469
2014.096	1426.880	1789.088	1743.355
1736.952	1470.784	1520.176	1575.971
1761.648	1382.976	1226.568	1457.064
2266.544	1171.688	1572.312	1670.181
2170.504	1297.912	1330.840	1599.752
	1185.408	1306.144	
	1212.848	1673.840	
2167.760	1237.544	1146.992	1517.432
1860.432	1380.232	1325.352	1522.005
2250.080	1415.904	1361.024	1675.669
2250.080	1237.544	1767.136	1751.587
	1344.560	1380.232	
	1256.752	1588.776	
2604.056	1328.096	1223.824	1718.659
	1404.928	1152.480	
1827.504	1270.472	1432.368	1510.115
2250.080	1328.096	1651.888	1743.355
	1223.824	1325.352	
2368.072	1155.224	1289.680	1604.325
2379.048	1179.920	1256.752	1605.240
	1528.408	1745.184	
1819.272	1275.960	1432.368	1509.200
	1437.856	1542.128	
	1572.312	1569.568	
1959.216	1575.056	987.840	1507.371
	1690.304	1662.864	
1597.008	1322.608	1319.864	1413.160
1972.936	1435.112	1234.800	1547.616
2170.504	1264.984	1281.448	1572.312
2143.064	1352.792	1410.416	1635.424
1945.496	1693.048	1328.096	1655.547
1805.552	1358.280	1179.920	1447.917
1712.256	1407.672	1396.696	1505.541
2044.280	1179.920	1251.264	1491.821
	1613.472	1245.776	
1698.536	1275.960	1317.120	1430.539
1561.336	1382.976	1292.424	1412.245
2137.576	1684.816	1473.528	1765.307
1802.808	1629.936	1514.688	1649.144
	1363.768	1426.880	
1816.528	1583.288	1484.504	1628.107
	1539.384	1393.952	
1846.712	1841.224	1550.360	1746.099
2170.504	1465.296	1341.816	1659.205
1926.288	1720.488	1314.376	1653.717
2228.128	1509.200	1476.272	1737.867
2390.024	1476.272	1201.872	1689.389
1780.856	1580.544	1388.464	1583.288
1918.056	1333.584	1319.864	1523.835
2082.696	1602.496	1509.200	1731.464
1627.192	1764.392	1325.352	1572.312
1989.400	1341.816	1572.312	1634.509
1802.808	1780.856	1511.944	1698.536
2096.416	1761.648	1179.920	1679.328
1566.824	1704.024	1827.504	1699.451
1594.264	1753.416	1665.608	1671.096
1967.448	1879.640	1709.512	1852.200
2121.112	1564.080	1415.904	1700.365
1586.032	2115.624	1514.688	1738.781
2022.328	1758.904	1429.624	1736.952
2044.280	1830.248	1717.744	1864.091
2126.600	1457.064	1597.008	1726.891
2047.024	1607.984	1750.672	1801.893
1635.424	1673.840	1618.960	1642.741
2038.792	1517.432	1547.616	1701.280
2115.624	1229.312	1281.448	1542.128
1841.224	1660.120	1339.072	1613.472
2101.904	1885.128	1531.152	1839.395
1651.888	1813.784	1226.568	1564.080
1994.888	1734.208	1517.432	1748.843
2118.368	1212.848	1569.568	1633.595
1682.072	1638.168	1476.272	1598.837
1956.472	1229.312	1295.168	1493.651
1978.424	1366.512	1136.016	1493.651
2348.864	1201.872	1555.848	1702.195
2228.128	1119.552	1322.608	1556.763
2099.160	1448.832	1432.368	1660.120
2090.928	1640.912	1937.264	1889.701
2181.480	1715.000	1404.928	1767.136
2041.536	1550.360	1506.456	1699.451
1761.648	1986.656	1289.680	1679.328
2239.104	1624.448	1339.072	1734.208
2025.072	1325.352	1297.912	1549.445
2049.768	1237.544	1204.616	1497.309
1701.280	1245.776	1152.480	1366.512
2049.768	1701.280	1308.888	1686.645
1503.712	1226.568	1352.792	1361.024
1860.432	1248.520	1731.464	1613.472
2121.112	1155.224	1470.784	1582.373
2129.344	1243.032	1303.400	1558.592
1665.608	919.240	1495.480	1360.109
1627.192	1404.928	1682.072	1571.397
2014.096	1097.600	1179.920	1430.539
1841.224	1388.464	1284.192	1504.627
1981.168	1385.720	1597.008	1654.632
1682.072	1086.624	1221.080	1329.925
1607.984	1509.200	1339.072	1485.419
1638.168	1097.600	1248.520	1328.096
1846.712	1330.840	1232.056	1469.869
1794.576	1531.152	1382.976	1569.568
1618.960	1404.928	1292.424	1438.771
1511.944	1382.976	1446.088	1447.003
1421.392	1624.448	1308.888	1451.576
1531.152	1572.312	1322.608	1475.357
1989.400	1144.248	1459.808	1531.152
2033.304	1284.192	1292.424	1536.640
1882.384	1728.720	1306.144	1639.083
1629.936	1366.512	1127.784	1374.744
2148.552	1717.744	1339.072	1735.123
1591.520	1468.040	1223.824	1427.795
1865.920	1709.512	1086.624	1554.019
2228.128	1322.608	996.072	1515.603
2016.840	1553.104	1012.536	1527.493
2417.464	1739.696	1286.936	1814.699
2025.072	1212.848	1157.968	1465.296
1929.032	1566.824	1061.928	1519.261
1953.728	1306.144	1382.976	1547.616
2036.048	1509.200	1275.960	1607.069
1306.144	1149.736	1358.280	1271.387
2269.288	1303.400	1133.272	1568.653
1613.472	1341.816	965.888	1307.059
2230.872	1256.752	754.600	1414.075
1871.408	1174.432	1333.584	1459.808
1876.896	1278.704	1072.904	1409.501
2137.576	1166.200	1278.704	1527.493
1874.152	1160.712	1251.264	1428.709
1470.784	1479.016	1157.968	1369.256
1704.024	1350.048	1281.448	1445.173
1822.016	1374.744	1336.328	1511.029
1835.736	1671.096	1500.968	1669.267
1920.800	1536.640	1262.240	1573.227
1920.800	1380.232	1179.920	1493.651
1643.656	1306.144	1114.064	1354.621
2019.584	1210.104	1273.216	1500.968
1676.584	1500.968	1264.984	1480.845
2170.504	1651.888	1328.096	1716.829
1687.560	1407.672	1435.112	1510.115
1723.232	1429.624	1157.968	1436.941
1399.440	1465.296	1402.184	1422.307
1607.984	1251.264	1240.288	1366.512
1704.024	1333.584	1275.960	1437.856
1632.680	1347.304	1421.392	1467.125
1355.536	1207.360	1130.528	1231.141
1959.216	1190.896	1273.216	1474.443
1706.768	1407.672	1295.168	1469.869
1602.496	1569.568	1640.912	1604.325
1690.304	1278.704	1597.008	1522.005
1961.960	1358.280	1418.648	1579.629
1967.448	1059.184	1410.416	1479.016
1797.320	1448.832	1547.616	1597.923
1355.536	1234.800	1640.912	1410.416
1736.952	1454.320	1503.712	1564.995
1907.080	1232.056	1470.784	1536.640
2186.968	1108.576	1210.104	1501.883
1808.296	1297.912	1476.272	1527.493
1789.088	1317.120	1572.312	1559.507
1813.784	2060.744	1446.088	1773.539
2307.704	1687.560	1317.120	1770.795
1640.912	1495.480	1841.224	1659.205
1972.936	2101.904	1289.680	1788.173
1638.168	1536.640	1868.664	1681.157
2068.976	1319.864	1800.064	1729.635
1514.688	1218.336	1542.128	1425.051
2228.128	1506.456	1435.112	1723.232
1868.664	1306.144	1506.456	1560.421
1778.112	1764.392	1382.976	1641.827
1577.800	1618.960	1981.168	1725.976
2082.696	1059.184	1852.200	1664.693
1887.872	1649.144	1451.576	1662.864
1832.992	1339.072	1597.008	1589.691
2030.560	1138.760	1602.496	1590.605
1896.104	1841.224	1424.136	1720.488
1701.280	1215.592	1841.224	1586.032
1690.304	1136.016	1975.680	1600.667
1879.640	1141.504	1481.760	1500.968
1868.664	1797.320	1355.536	1673.840
2173.248	1248.520	1347.304	1589.691
2387.280	1575.056	1366.512	1776.283
2025.072	1377.488	1852.200	1751.587
1885.128	1424.136	1555.848	1621.704
1610.728	1201.872	1676.584	1496.395
1723.232	1083.880	1794.576	1533.896
1706.768	1232.056	1317.120	1418.648
	1432.368	1424.136	
2107.392	1520.176	1586.032	1737.867
2079.952	1177.176	1651.888	1636.339
2074.464	1207.360	1660.120	1647.315
2195.200	1067.416	1783.600	1682.072
1846.712	1136.016	1632.680	1538.469
1758.904	1426.880	1539.384	1575.056
2370.816	1489.992	1350.048	1736.952
2230.872	1061.928	1509.200	1600.667
1887.872	1377.488	1544.872	1603.411
1890.616	1245.776	1448.832	1528.408
1948.240	1328.096	1706.768	1661.035
1695.792	1256.752	1311.632	1421.392
2154.040	1325.352	1317.120	1598.837
1632.680	1273.216	1393.952	1433.283
2321.424	1144.248	1322.608	1596.093
2203.432	1594.264	1221.080	1672.925
1399.440	1229.312	1330.840	1319.864
1967.448	1361.024	1330.840	1553.104
2027.816	1679.328	1391.208	1699.451
1961.960	1577.800	1429.624	1656.461
1904.336	1854.944	1646.400	1801.893
2008.608	1577.800	1775.368	1787.259
1627.192	1185.408	1470.784	1427.795
1517.432	1750.672	1616.216	1628.107
1868.664	1632.680	1709.512	1736.952
2011.352	1152.480	1621.704	1595.179
1624.448	1558.592	1695.792	1626.277
1794.576	1229.312	1547.616	1523.835
2049.768	1558.592	1418.648	1675.669
1767.136	1725.976	1509.200	1667.437
1660.120	1536.640	1317.120	1504.627
2123.856	1506.456	1542.128	1724.147
1994.888	1649.144	1465.296	1703.109
1701.280	1429.624	1333.584	1488.163
1448.832	1262.240	1443.344	1384.805
1863.176	1223.824	1522.920	1536.640
1531.152	1297.912	1396.696	1408.587
1791.832	0.000	1473.528	1088.453
1607.984	1495.480	1413.160	1505.541
2058.000	1635.424	1492.736	1728.720
1863.176	1624.448	1443.344	1643.656
1396.696	1380.232	1684.816	1487.248
1802.808	1827.504	1698.536	1776.283
1635.424	1775.368	1459.808	1623.533
1336.328	1607.984	1500.968	1481.760
1240.288	1662.864	1569.568	1490.907
1767.136	2228.128	1509.200	1834.821
1904.336	2049.768	1588.776	1847.627
1912.568	1975.680	1531.152	1806.467
	2143.064	1926.288	
2068.976	1254.008	1402.184	1575.056
2165.016	1525.664	1583.288	1757.989
1843.968	0.000	1651.888	1165.285
2099.160	1281.448	1643.656	1674.755
1983.912	1487.248	1520.176	1663.779
1555.848	1509.200	1640.912	1568.653
1618.960	1325.352	1588.776	1511.029
1931.776	1555.848	1885.128	1790.917
1687.560	1435.112	1440.600	1521.091
1668.352	1473.528	1808.296	1650.059
1953.728	1352.792	1863.176	1723.232
2000.376	1514.688	1731.464	1748.843
1588.776	1468.040	1786.344	1614.387
1863.176	1201.872	1498.224	1521.091
1550.360	1119.552	1528.408	1399.440
2362.584	1374.744	1624.448	1787.259
2233.616	1720.488	1780.856	1911.653
1654.632	1407.672	1481.760	1514.688
1758.904	1624.448	1761.648	1715.000
2005.864	1193.640	1281.448	1493.651
2011.352	1410.416	1037.232	1486.333
1676.584	1514.688	1566.824	1586.032
1811.040	1275.960	1149.736	1412.245
2107.392	1177.176	1607.984	1630.851
1800.064	1479.016	1278.704	1519.261
1437.856	1325.352	1355.536	1372.915
1989.400	1226.568	1435.112	1550.360
1761.648	1838.480	1437.856	1679.328
2186.968	1651.888	1627.192	1822.016
1950.984	1465.296	1341.816	1586.032
1646.400	1531.152	1758.904	1645.485
1994.888	1232.056	1094.856	1440.600
2154.040	1805.552	1064.672	1674.755
1720.488	1440.600	1358.280	1506.456
2041.536	0.000	834.176	958.571
1822.016	1511.944	1097.600	1477.187
1791.832	1506.456	1138.760	1479.016
1926.288	1616.216	1336.328	1626.277
1413.160	1553.104	1141.504	1369.256
2134.832	1627.192	1374.744	1712.256
1580.544	1492.736	1050.952	1374.744
2291.240	1627.192	1136.016	1684.816
1920.800	1561.336	1215.592	1565.909
1797.320	1432.368	1385.720	1538.469
1937.264	1778.112	1437.856	1717.744
1997.632	1607.984	1009.792	1538.469
2044.280	1846.712	1204.616	1698.536
2230.872	1885.128	1163.456	1759.819
1909.824	1687.560	1295.168	1630.851
1896.104	1679.328	1341.816	1639.083
1547.616	1931.776	1018.024	1499.139
2096.416	1712.256	1081.136	1629.936
1599.752	1374.744	1234.800	1403.099
1846.712	1893.360	1418.648	1719.573
   ----	1528.408	1223.824	917.411
1646.400	1500.968	1092.112	1413.160
2154.040	1657.376	1182.664	1664.693
1942.752	1297.912	1319.864	1520.176
1665.608	1767.136	1292.424	1575.056
1948.240	1174.432	1275.960	1466.211
1542.128	1281.448	1388.464	1404.013
	1149.736	1215.592	
1602.496	1201.872	1380.232	1394.867
1668.352	1599.752	1465.296	1577.800
	1473.528	1155.224	
	1624.448	1286.936	
1509.200	1067.416	1078.392	1218.336
1890.616	1638.168	1363.768	1630.851
1580.544	1182.664	1421.392	1394.867
	1635.424	1199.128	
	1237.544	1407.672	
2030.560	1402.184	1306.144	1579.629
2027.816	1544.872	1465.296	1679.328
1646.400	1284.192	1470.784	1467.125
1747.928	1212.848	1413.160	1457.979
2063.488	1704.024	1306.144	1691.219
	2016.840	1599.752	
	1215.592	1369.256	
2041.536	1251.264	1404.928	1565.909
1736.952	1366.512	1130.528	1411.331
1854.944	1264.984	1130.528	1416.819
1509.200	1407.672	1361.024	1425.965
1893.360	1056.440	1498.224	1482.675
1457.064	1056.440	1459.808	1324.437
1909.824	1204.616	1311.632	1475.357
1709.512	1149.736	1210.104	1356.451
1676.584	1539.384	1542.128	1586.032
1555.848	1018.024	1569.568	1381.147
1481.760	1328.096	1717.744	1509.200
1972.936	1059.184	1391.208	1474.443
1544.872	1668.352	1204.616	1472.613
1912.568	1168.944	1306.144	1462.552
1824.760	1495.480	1363.768	1561.336
1789.088	2052.512	1105.832	1649.144
1981.168	1050.952	1404.928	1479.016
1544.872	1015.280	1125.040	1228.397
1764.392	1232.056	1317.120	1437.856
1981.168	1119.552	1352.792	1484.504
1802.808	1465.296	1278.704	1515.603
	1328.096	1234.800	
	1119.552	1177.176	
	1270.472	1286.936	
1967.448	1569.568	1492.736	1676.584
	1671.096	1802.808	
1484.504	1264.984	1649.144	1466.211
1511.944	1377.488	1517.432	1468.955
	1328.096	1462.552	
1671.096	1393.952	1437.856	1500.968
1994.888	1130.528	1141.504	1422.307
	1734.208	1509.200	
1643.656	1520.176	1654.632	1606.155
	1780.856	1404.928	
	1517.432	1243.032	
1577.800	1083.880	1322.608	1328.096
1731.464	1388.464	1448.832	1522.920
	1149.736	1207.360	
	1764.392	1832.992	
	1640.912	1193.640	
	1783.600	1204.616	
	1289.680	1580.544	
	1822.016	1234.800	
	1333.584	889.056	
1665.608	1457.064	1410.416	1511.029
	1352.792	1333.584	
	1440.600	1144.248	
	1673.840	1061.928	
	1127.784	1317.120	
	1934.520	1393.952	
	1215.592	1262.240	
	1023.512	1144.248	
1687.560	1201.872	1193.640	1361.024
1874.152	1564.080	971.376	1469.869
1591.520	1402.184	1116.808	1370.171
	1643.656	1212.848	
	1223.824	1484.504	
1599.752	1347.304	1654.632	1533.896
1657.376	1152.480	1146.992	1318.949
	1155.224	1314.376	
	1473.528	1443.344	
	1489.992	1536.640	
	1358.280	1517.432	
	1602.496	1286.936	
	1550.360	1251.264	
	1473.528	1429.624	
1509.200	1248.520	1050.952	1269.557
	1218.336	1141.504	
	1152.480	1146.992	
	1352.792	1171.688	
	1344.560	1256.752	
	1053.696	1336.328	
	1339.072	1380.232	
	1061.928	1240.288	
	1007.048	1157.968	
1572.312	1468.040	1306.144	1448.832
1421.392	1528.408	1380.232	1443.344
1720.488	1558.592	1086.624	1455.235
	1127.784	1561.336	
	1503.712	1481.760	
	1671.096	1610.728	
2368.072	1550.360	1199.128	1705.853
	1621.704	1372.000	
	1388.464	1243.032	
	1429.624	1078.392	
	1594.264	1226.568	
	1627.192	1278.704	
1901.592	1607.984	1372.000	1627.192
	1457.064	1358.280	
1583.288	1495.480	1638.168	1572.312
	1446.088	1629.936	
	1385.720	1391.208	
	1838.480	1328.096	
	1778.112	982.352	
	1553.104	1369.256	
	1533.896	1489.992	
	1361.024	1020.768	
2058.000	1404.928	1319.864	1594.264
	2156.784	1336.328	
	1791.832	1182.664	
	1662.864	1339.072	
	1223.824	1212.848	
1857.688	1536.640	1597.008	1663.779
	1651.888	1602.496	
	1500.968	1306.144	
	1374.744	839.664	
	1715.000	1160.712	
	1539.384	1292.424	
	1188.152	1503.712	
	1566.824	1256.752	
2047.024	1254.008	1361.024	1554.019
1964.704	1352.792	1451.576	1589.691
	1278.704	1553.104	
	1797.320	1177.176	
	1868.664	1221.080	
	1341.816	1547.616	
	1503.712	1841.224	
	990.584	1122.296	
	1591.520	1330.840	
	1569.568	1336.328	
	1654.632	1207.360	
	1926.288	1402.184	
	1141.504	1149.736	
	1396.696	1259.496	
1865.920	1267.728	1311.632	1481.760
	1182.664	1347.304	
1942.752	1404.928	1251.264	1532.981
	1783.600	1308.888	
	1075.648	1495.480	
	1525.664	1451.576	
1747.928	1330.840	1311.632	1463.467
	1221.080	1270.472	
	1459.808	1166.200	
	1709.512	1372.000	
1736.952	1264.984	1374.744	1458.893
1561.336	1133.272	1284.192	1326.267
	1435.112	941.192	
	2066.232	1553.104	
	1166.200	1459.808	
	1594.264	1341.816	
1830.248	1248.520	1517.432	1532.067
	1152.480	1413.160	
1830.248	1402.184	1273.216	1501.883
	1948.240	1350.048	
	1665.608	1404.928	
	1399.440	1533.896	
	1712.256	1550.360	
1607.984	1424.136	1286.936	1439.685
	1380.232	1522.920	
1717.744	1717.744
