Controle	25mg	200mg	media
1100.344	1457.064	1481.760	1346.389
1358.280	1218.336	1361.024	1312.547
1163.456	1731.464	1402.184	1432.368
1111.320	1575.056	1234.800	1307.059
1701.280	1424.136	1259.496	1461.637
1410.416	1459.808	1223.824	1364.683
1078.392	1583.288	1528.408	1396.696
1865.920	1706.768	1330.840	1634.509
1215.592	1791.832	1245.776	1417.733
1221.080	1747.928	1270.472	1413.160
1336.328	1896.104	1407.672	1546.701
1352.792	1890.616	1319.864	1521.091
1671.096	1975.680	1358.280	1668.352
1756.160	1295.168	1533.896	1528.408
1640.912	1481.760	1207.360	1443.344
1459.808	1893.360	1627.192	1660.120
1805.552	1591.520	1649.144	1682.072
1778.112	1289.680	1380.232	1482.675
1415.904	1660.120	1750.672	1608.899
1440.600	1690.304	1489.992	1540.299
1750.672	1629.936	1572.312	1650.973
1322.608	1429.624	1374.744	1375.659
1657.376	1950.984	1193.640	1600.667
1627.192	1874.152	1649.144	1716.829
1341.816	1300.656	1264.984	1302.485
1292.424	1704.024	1454.320	1483.589
1448.832	1684.816	1465.296	1532.981
1157.968	1426.880	1580.544	1388.464
1660.120	1484.504	1465.296	1536.640
1731.464	1421.392	1651.888	1601.581
1712.256	1311.632	1553.104	1525.664
1723.232	1270.472	1372.000	1455.235
1308.888	1136.016	1580.544	1341.816
1350.048	1413.160	1517.432	1426.880
1284.192	1188.152	1701.280	1391.208
1402.184	1778.112	1547.616	1575.971
1679.328	1437.856	2129.344	1748.843
1075.648	1059.184	1575.056	1236.629
1306.144	968.632	1328.096	1200.957
1215.592	1174.432	1618.960	1336.328
1163.456	905.520	1470.784	1179.920
1660.120	1007.048	1561.336	1409.501
1857.688	1100.344	1432.368	1463.467
1830.248	1215.592	1385.720	1477.187
1251.264	1723.232	1635.424	1536.640
1168.944	1270.472	1520.176	1319.864
1314.376	1303.400	1284.192	1300.656
1778.112	1517.432	1876.896	1724.147
1314.376	1607.984	1251.264	1391.208
1468.040	1876.896	1350.048	1564.995
1676.584	1476.272	1734.208	1629.021
1473.528	1594.264	1495.480	1521.091
1588.776	1481.760	1555.848	1542.128
1610.728	1382.976	1311.632	1435.112
1426.880	1706.768	1462.552	1532.067
1605.240	1446.088	1635.424	1562.251
1654.632	1440.600	1522.920	1539.384
1391.208	1339.072	1435.112	1388.464
1196.384	1361.024	1517.432	1358.280
1259.496	1723.232	1791.832	1591.520
1498.224	1629.936	1632.680	1586.947
1319.864	1157.968	1525.664	1334.499
1171.688	1736.952	1270.472	1393.037
1333.584	1103.088	1319.864	1252.179
1487.248	1621.704	1624.448	1577.800
1522.920	1506.456	1682.072	1570.483
1764.392	1407.672	1572.312	1581.459
1547.616	1454.320	1473.528	1491.821
1344.560	1424.136	1553.104	1440.600
1429.624	1341.816	1410.416	1393.952
1344.560	1511.944	1448.832	1435.112
1668.352	1122.296	1500.968	1430.539
1275.960	1462.552	1550.360	1429.624
1495.480	1487.248	1470.784	1484.504
1481.760	1693.048	1484.504	1553.104
1684.816	1555.848	1536.640	1592.435
1089.368	1553.104	1391.208	1344.560
1638.168	1391.208	2165.016	1731.464
1188.152	1715.000	1841.224	1581.459
1443.344	1289.680	1610.728	1447.917
1528.408	1347.304	1624.448	1500.053
1289.680	1424.136	1498.224	1404.013
1723.232	1193.640	1492.736	1469.869
1275.960	1498.224	1105.832	1293.339
1470.784	1330.840	1404.928	1402.184
1498.224	1465.296	1607.984	1523.835
1372.000	1352.792	1281.448	1335.413
1517.432	1706.768	1564.080	1596.093
1251.264	1547.616	1846.712	1548.531
1221.080	1791.832	1407.672	1473.528
1314.376	1130.528	1684.816	1376.573
1215.592	1100.344	1841.224	1385.720
1402.184	1146.992	1975.680	1508.285
1314.376	1262.240	1410.416	1329.011
1520.176	1103.088	2036.048	1553.104
1778.112	1673.840	1114.064	1522.005
1654.632	1138.760	1361.024	1384.805
1539.384	1108.576	1369.256	1339.072
1783.600	1190.896	1676.584	1550.360
2071.720	1605.240	1753.416	1810.125
1956.472	1075.648	1393.952	1475.357
1816.528	1116.808	1671.096	1534.811
2107.392	1207.360	1259.496	1524.749
1890.616	1597.008	1742.440	1743.355
2269.288	1072.904	1459.808	1600.667
1948.240	2074.464	1522.920	1848.541
1254.008	1119.552	1495.480	1289.680
1876.896	1794.576	1643.656	1771.709
1849.456	1682.072	1333.584	1621.704
1454.320	1330.840	1023.512	1269.557
1429.624	1533.896	1854.944	1606.155
1429.624	1262.240	2047.024	1579.629
1915.312	1341.816	1607.984	1621.704
1750.672	1136.016	1413.160	1433.283
1887.872	1380.232	1138.760	1468.955
1786.344	1473.528	1462.552	1574.141
1687.560	1303.400	1426.880	1472.613
1635.424	1308.888	1133.272	1359.195
1756.160	1437.856	1492.736	1562.251
2041.536	1448.832	1550.360	1680.243
1769.880	1500.968	1393.952	1554.933
1654.632	1355.536	1393.952	1468.040
1415.904	1531.152	1284.192	1410.416
1498.224	1597.008	1407.672	1500.968
1728.720	1577.800	1468.040	1591.520
1832.992	1588.776	1328.096	1583.288
1638.168	1791.832	1520.176	1650.059
1874.152	1319.864	1281.448	1491.821
1440.600	1462.552	1693.048	1532.067
1676.584	1215.592	1429.624	1440.600
1838.480	1575.056	1544.872	1652.803
1575.056	1391.208	1723.232	1563.165
1388.464	1451.576	1575.056	1471.699
1437.856	1572.312	1380.232	1463.467
1226.568	1588.776	1251.264	1355.536
1479.016	1446.088	1522.920	1482.675
1832.992	1476.272	1465.296	1591.520
1706.768	1780.856	1509.200	1665.608
1487.248	1854.944	1646.400	1662.864
1536.640	1569.568	1597.008	1567.739
1462.552	1358.280	1451.576	1424.136
1819.272	1470.784	1344.560	1544.872
1651.888	1500.968	1413.160	1522.005
1805.552	1693.048	1492.736	1663.779
1163.456	1311.632	1498.224	1324.437
1890.616	1421.392	1470.784	1594.264
1753.416	1361.024	1358.280	1490.907
1640.912	1232.056	1339.072	1404.013
1577.800	1517.432	1264.984	1453.405
1698.536	1457.064	1393.952	1516.517
1852.200	1388.464	1264.984	1501.883
1081.136	1396.696	1391.208	1289.680
1190.896	1377.488	1086.624	1218.336
1446.088	1448.832	1064.672	1319.864
1813.784	1237.544	1533.896	1528.408
1341.816	1369.256	1295.168	1335.413
1232.056	1481.760	1413.160	1375.659
1237.544	1528.408	1322.608	1362.853
1640.912	1838.480	1251.264	1576.885
1635.424	1646.400	1221.080	1500.968
1481.760	1712.256	1226.568	1473.528
1706.768	1566.824	1429.624	1567.739
1481.760	1887.872	1168.944	1512.859
1451.576	1772.624	1264.984	1496.395
1514.688	1341.816	1240.288	1365.597
1382.976	1270.472	836.920	1163.456
1196.384	1750.672	1234.800	1393.952
1586.032	1734.208	1177.176	1499.139
1308.888	1232.056	1136.016	1225.653
1136.016	1506.456	1564.080	1402.184
1649.144	1182.664	974.120	1268.643
1457.064	1662.864	1363.768	1494.565
1487.248	1470.784	1586.032	1514.688
1492.736	1509.200	1575.056	1525.664
1404.928	1986.656	1462.552	1618.045
1511.944	1377.488	1506.456	1465.296
1536.640	1432.368	1742.440	1570.483
1092.112	1155.224	1446.088	1231.141
1676.584	1218.336	1210.104	1368.341
1168.944	1517.432	1489.992	1392.123
1382.976	1267.728	1273.216	1307.973
1693.048	1380.232	1473.528	1515.603
2014.096	1550.360	1380.232	1648.229
1308.888	1347.304	1020.768	1225.653
1179.920	1295.168	1404.928	1293.339
1660.120	1160.712	1577.800	1466.211
1138.760	1435.112	1083.880	1219.251
1479.016	1558.592	1509.200	1515.603
1838.480	1572.312	1127.784	1512.859
1907.080	1440.600	1081.136	1476.272
1761.648	1421.392	1248.520	1477.187
1871.408	1520.176	1308.888	1566.824
1950.984	1319.864	1347.304	1539.384
1624.448	1234.800	1586.032	1481.760
1470.784	1358.280	1339.072	1389.379
1410.416	1435.112	1078.392	1307.973
1157.968	1119.552	1555.848	1277.789
1553.104	1130.528	1245.776	1309.803
1868.664	1311.632	1339.072	1506.456
1706.768	1415.904	1522.920	1548.531
1221.080	1437.856	1778.112	1479.016
1684.816	1215.592	1693.048	1531.152
1627.192	1254.008	1254.008	1378.403
1404.928	1388.464	1698.536	1497.309
1822.016	1646.400	971.376	1479.931
1794.576	1399.440	1341.816	1511.944
1972.936	1610.728	1835.736	1806.467
1723.232	1651.888	1226.568	1533.896
1854.944	1602.496	1322.608	1593.349
1432.368	1646.400	1223.824	1434.197
1325.352	1602.496	1498.224	1475.357
1640.912	1424.136	1613.472	1559.507
1783.600	1377.488	1640.912	1600.667
1514.688	1396.696	1745.184	1552.189
1462.552	1157.968	1509.200	1376.573
1901.592	1114.064	1690.304	1568.653
1865.920	1415.904	1473.528	1585.117
1684.816	1580.544	1561.336	1608.899
1396.696	1720.488	1152.480	1423.221
1887.872	1704.024	1736.952	1776.283
1322.608	1640.912	1215.592	1393.037
1542.128	1479.016	1270.472	1430.539
1835.736	1709.512	1843.968	1796.405
1566.824	1871.408	1308.888	1582.373
1254.008	1553.104	993.328	1266.813
1937.264	1273.216	1339.072	1516.517
1555.848	1791.832	927.472	1425.051
1520.176	2079.952	1451.576	1683.901
1764.392	1459.808	974.120	1399.440
1561.336	1558.592	979.608	1366.512
1146.992	1399.440	1643.656	1396.696
1097.600	1286.936	1127.784	1170.773
1739.696	1745.184	1078.392	1521.091
1764.392	1308.888	1547.616	1540.299
1229.312	1525.664	1448.832	1401.269
1245.776	1322.608	1723.232	1430.539
1229.312	1542.128	1103.088	1291.509
1215.592	1487.248	1468.040	1390.293
1347.304	1221.080	1388.464	1318.949
1259.496	1498.224	1369.256	1375.659
1643.656	1704.024	1262.240	1536.640
1177.176	1317.120	1476.272	1323.523
1223.824	1503.712	1125.040	1284.192
1890.616	1380.232	982.352	1417.733
1122.296	1553.104	1136.016	1270.472
1547.616	1528.408	1487.248	1521.091
1229.312	1347.304	1363.768	1313.461
1262.240	1429.624	1432.368	1374.744
1116.808	1797.320	1709.512	1541.213
1457.064	1509.200	1994.888	1653.717
1498.224	1457.064	1525.664	1493.651
1693.048	1539.384	1396.696	1543.043
1415.904	1254.008	1517.432	1395.781
1479.016	1215.592	1668.352	1454.320
1564.080	1509.200	1476.272	1516.517
1152.480	1303.400	1188.152	1214.677
1830.248	1256.752	1970.192	1685.731
1138.760	1325.352	1687.560	1383.891
1330.840	1440.600	1657.376	1476.272
1391.208	1506.456	1108.576	1335.413
1989.400	1122.296	1426.880	1512.859
1404.928	1336.328	1588.776	1443.344
1536.640	1399.440	1210.104	1382.061
1887.872	1487.248	1174.432	1516.517
1237.544	1558.592	1967.448	1587.861
1141.504	1248.520	1769.880	1386.635
1525.664	1264.984	1443.344	1411.331
1673.840	1660.120	1254.008	1529.323
1347.304	1421.392	1605.240	1457.979
1171.688	1511.944	1078.392	1254.008
1048.208	1547.616	1237.544	1277.789
1646.400	1558.592	1616.216	1607.069
1144.248	1555.848	1393.952	1364.683
1289.680	1256.752	1520.176	1355.536
1196.384	1813.784	1435.112	1481.760
1542.128	1646.400	1758.904	1649.144
1654.632	1569.568	1278.704	1500.968
1295.168	1607.984	1580.544	1494.565
1264.984	1254.008	1190.896	1236.629
952.168	1410.416	1602.496	1321.693
1544.872	1462.552	1709.512	1572.312
1240.288	1111.320	1136.016	1162.541
1410.416	1654.632	1635.424	1566.824
1586.032	1295.168	1404.928	1428.709
1739.696	1531.152	1525.664	1598.837
1849.456	1627.192	1366.512	1614.387
2011.352	2044.280	1618.960	1891.531
1451.576	1778.112	2019.584	1749.757
1399.440	1956.472	2022.328	1792.747
1479.016	1569.568	1695.792	1581.459
1339.072	1904.336	1325.352	1522.920
1105.832	1355.536	1720.488	1393.952
1410.416	1358.280	1278.704	1349.133
1218.336	1805.552	1292.424	1438.771
1553.104	1874.152	1673.840	1700.365
1388.464	1758.904	1385.720	1511.029
1843.968	1720.488	1583.288	1715.915
2088.184	1876.896	1747.928	1904.336
1734.208	1742.440	1723.232	1733.293
1640.912	1715.000	1479.016	1611.643
1945.496	2101.904	1879.640	1975.680
1457.064	1912.568	1750.672	1706.768
1500.968	2173.248	1544.872	1739.696
1264.984	2036.048	1684.816	1661.949
1885.128	2014.096	1734.208	1877.811
1874.152	1758.904	1896.104	1843.053
1308.888	1898.848	1767.136	1658.291
1292.424	1789.088	1372.000	1484.504
1896.104	1907.080	1555.848	1786.344
1536.640	1742.440	1651.888	1643.656
1498.224	1607.984	1904.336	1670.181
1446.088	2170.504	1668.352	1761.648
1264.984	1769.880	1676.584	1570.483
1152.480	1775.368	2291.240	1739.696
1651.888	1580.544	1882.384	1704.939
1018.024	2230.872	1838.480	1695.792
1602.496	1887.872	1824.760	1771.709
1561.336	1270.472	1457.064	1429.624
1577.800	1736.952	2027.816	1780.856
1322.608	1396.696	1223.824	1314.376
2247.336	1887.872	1594.264	1909.824
1879.640	1827.504	1465.296	1724.147
1481.760	1800.064	1706.768	1662.864
1616.216	1509.200	1830.248	1651.888
1311.632	1635.424	1931.776	1626.277
1898.848	1569.568	1303.400	1590.605
1522.920	1854.944	1457.064	1611.643
1558.592	2181.480	1624.448	1788.173
1059.184	1586.032	1259.496	1301.571
1366.512	1553.104	2129.344	1682.987
1333.584	1882.384	1429.624	1548.531
1717.744	1997.632	1520.176	1745.184
1536.640	1580.544	1805.552	1640.912
1473.528	1813.784	1553.104	1613.472
1506.456	1767.136	1629.936	1634.509
1462.552	1822.016	1684.816	1656.461
1627.192	2033.304	1610.728	1757.075
1328.096	1937.264	1588.776	1618.045
1550.360	1800.064	1868.664	1739.696
1511.944	1775.368	1259.496	1515.603
1640.912	2151.296	1553.104	1781.771
1506.456	2016.840	1454.320	1659.205
1336.328	2044.280	1646.400	1675.669
1245.776	1871.408	1679.328	1598.837
1347.304	2025.072	1451.576	1607.984
1904.336	1778.112	1586.032	1756.160
1341.816	1940.008	1588.776	1623.533
1649.144	1597.008	1610.728	1618.960
1286.936	1435.112	1874.152	1532.067
1432.368	1945.496	1470.784	1616.216
1745.184	1654.632	1476.272	1625.363
1435.112	1940.008	1690.304	1688.475
1561.336	1736.952	1495.480	1597.923
2088.184	1789.088	1344.560	1740.611
1841.224	2011.352	1484.504	1779.027
1662.864	2008.608	1621.704	1764.392
1643.656	2052.512	1462.552	1719.573
1555.848	1802.808	1629.936	1662.864
1468.040	1942.752	1446.088	1618.960
1808.296	1385.720	1566.824	1586.947
1347.304	1314.376	1929.032	1530.237
2019.584	1297.912	1583.288	1633.595
1961.960	1594.264	1583.288	1713.171
1218.336	1758.904	1468.040	1481.760
1715.000	1819.272	1232.056	1588.776
1352.792	2195.200	1712.256	1753.416
1791.832	1811.040	1528.408	1710.427
1451.576	1613.472	1407.672	1490.907
1786.344	1800.064	1704.024	1763.477
1728.720	1723.232	1415.904	1622.619
1542.128	1643.656	1550.360	1578.715
1794.576	1635.424	1553.104	1661.035
1281.448	1627.192	1358.280	1422.307
1668.352	1811.040	1885.128	1788.173
1366.512	1533.896	1627.192	1509.200
1232.056	1613.472	1657.376	1500.968
1528.408	1780.856	1457.064	1588.776
1410.416	1794.576	1893.360	1699.451
1583.288	1948.240	1709.512	1747.013
1487.248	1662.864	1660.120	1603.411
1160.712	1377.488	1852.200	1463.467
1130.528	1426.880	1671.096	1409.501
1572.312	1613.472	1259.496	1481.760
1270.472	1627.192	1273.216	1390.293
1687.560	1819.272	1769.880	1758.904
1218.336	1843.968	1092.112	1384.805
1451.576	1758.904	1122.296	1444.259
1638.168	1372.000	1029.000	1346.389
1632.680	1706.768	1061.928	1467.125
1281.448	1594.264	1067.416	1314.376
1566.824	1739.696	1119.552	1475.357
1764.392	1668.352	872.592	1435.112
1196.384	1808.296	1171.688	1392.123
1819.272	1915.312	1281.448	1672.011
1564.080	1572.312	1281.448	1472.613
1909.824	1959.216	1185.408	1684.816
1468.040	1580.544	1542.128	1530.237
1018.024	1580.544	1166.200	1254.923
1775.368	1319.864	1317.120	1470.784
1676.584	1481.760	1083.880	1414.075
1212.848	1470.784	1479.016	1387.549
1350.048	1498.224	1673.840	1507.371
1717.744	1640.912	1391.208	1583.288
1577.800	1945.496	1520.176	1681.157
1284.192	1736.952	1037.232	1352.792
1278.704	1830.248	1443.344	1517.432
1262.240	1654.632	1278.704	1398.525
1624.448	1369.256	1745.184	1579.629
1775.368	1704.024	1163.456	1547.616
1292.424	1794.576	1317.120	1468.040
1668.352	1569.568	1048.208	1428.709
1248.520	1876.896	1470.784	1532.067
1366.512	1750.672	1437.856	1518.347
1256.752	1421.392	1190.896	1289.680
1654.632	1797.320	1278.704	1576.885
1684.816	1904.336	1723.232	1770.795
1289.680	1624.448	1462.552	1458.893
1292.424	1972.936	1125.040	1463.467
1731.464	1602.496	1413.160	1582.373
1281.448	1896.104	1103.088	1426.880
1682.072	1800.064	1566.824	1682.987
1684.816	1769.880	1382.976	1612.557
1583.288	1665.608	1136.016	1461.637
1262.240	1660.120	1210.104	1377.488
1201.872	1586.032	1536.640	1441.515
1059.184	1616.216	1454.320	1376.573
1094.856	1506.456	1097.600	1232.971
1950.984	2036.048	1122.296	1703.109
1448.832	1805.552	1201.872	1485.419
1550.360	1736.952	1558.592	1615.301
1536.640	1575.056	1457.064	1522.920
1388.464	1413.160	1196.384	1332.669
1339.072	1492.736	1627.192	1486.333
1374.744	1695.792	1300.656	1457.064
1341.816	1684.816	1168.944	1398.525
1577.800	1734.208	1300.656	1537.555
1111.320	1413.160	1174.432	1232.971
1259.496	1805.552	1476.272	1513.773
1629.936	1635.424	1207.360	1490.907
1078.392	1454.320	1352.792	1295.168
1182.664	2044.280	1454.320	1560.421
1588.776	1739.696	1690.304	1672.925
1555.848	1739.696	1281.448	1525.664
1468.040	1852.200	1498.224	1606.155
1531.152	1871.408	1314.376	1572.312
1451.576	1624.448	1382.976	1486.333
1588.776	2074.464	1775.368	1812.869
1426.880	1591.520	1254.008	1424.136
1531.152	1772.624	1372.000	1558.592
1492.736	1813.784	1240.288	1515.603
1676.584	1651.888	1196.384	1508.285
1720.488	1876.896	1500.968	1699.451
1813.784	1775.368	1363.768	1650.973
1923.544	1594.264	1160.712	1559.507
1635.424	1569.568	1199.128	1468.040
1542.128	1701.280	1479.016	1574.141
2195.200	1481.760	1149.736	1608.899
1827.504	1728.720	1286.936	1614.387
1509.200	1424.136	1185.408	1372.915
2000.376	1432.368	1591.520	1674.755
1835.736	1328.096	1270.472	1478.101
1500.968	1264.984	1734.208	1500.053
1819.272	1509.200	1835.736	1721.403
1377.488	1638.168	1624.448	1546.701
1789.088	1484.504	1715.000	1662.864
1624.448	1627.192	1045.464	1432.368
1462.552	1289.680	1591.520	1447.917
1857.688	1262.240	1358.280	1492.736
1558.592	1476.272	1179.920	1404.928
1671.096	1336.328	1336.328	1447.917
1393.952	1454.320	1402.184	1416.819
1421.392	1355.536	1273.216	1350.048
1564.080	1385.720	1396.696	1448.832
1940.008	1297.912	1026.256	1421.392
1764.392	1413.160	1577.800	1585.117
1668.352	1591.520	1432.368	1564.080
2137.576	1413.160	1446.088	1665.608
1896.104	1451.576	1682.072	1676.584
1624.448	1440.600	1372.000	1479.016
1520.176	1270.472	1533.896	1441.515
1396.696	1459.808	1495.480	1450.661
1715.000	1402.184	1495.480	1537.555
1813.784	1665.608	1141.504	1540.299
1657.376	1361.024	1396.696	1471.699
2115.624	1632.680	1435.112	1727.805
1454.320	1415.904	1138.760	1336.328
1399.440	1868.664	1448.832	1572.312
1542.128	1262.240	1358.280	1387.549
1854.944	1668.352	1341.816	1621.704
1457.064	1432.368	1443.344	1444.259
1352.792	1454.320	1531.152	1446.088
1237.544	2293.984	1308.888	1613.472
1728.720	1503.712	1404.928	1545.787
1273.216	1846.712	1130.528	1416.819
1616.216	1800.064	1133.272	1516.517
1484.504	1849.456	1495.480	1609.813
1660.120	1539.384	1336.328	1511.944
1660.120	1671.096	1286.936	1539.384
1665.608	1500.968	1369.256	1511.944
1715.000	1695.792	1218.336	1543.043
1704.024	1764.392	1495.480	1654.632
1413.160	1572.312	1522.920	1502.797
1736.952	1687.560	1734.208	1719.573
1234.800	1786.344	1616.216	1545.787
1372.000	1443.344	1668.352	1494.565
1723.232	1750.672	1333.584	1602.496
1470.784	1446.088	1391.208	1436.027
1868.664	1358.280	2096.416	1774.453
1904.336	1481.760	1580.544	1655.547
2000.376	1536.640	1720.488	1752.501
2110.136	1470.784	1651.888	1744.269
1931.776	1413.160	1402.184	1582.373
1811.040	1566.824	1739.696	1705.853
1207.360	1555.848	1544.872	1436.027
1654.632	1446.088	1816.528	1639.083
1618.960	1561.336	1632.680	1604.325
1476.272	1468.040	1682.072	1542.128
1701.280	1879.640	1887.872	1822.931
1920.800	1627.192	1764.392	1770.795
1575.056	1602.496	1871.408	1682.987
1868.664	1506.456	1948.240	1774.453
1262.240	2313.192	1391.208	1655.547
2112.880	2014.096	1248.520	1791.832
1629.936	1517.432	1588.776	1578.715
1536.640	1929.032	1520.176	1661.949
1355.536	1739.696	1514.688	1536.640
1588.776	1638.168	1580.544	1602.496
1536.640	1868.664	1506.456	1637.253
1048.208	1915.312	1893.360	1618.960
1676.584	1728.720	1654.632	1686.645
1852.200	1550.360	1618.960	1673.840
1676.584	1876.896	1531.152	1694.877
1797.320	1638.168	1270.472	1568.653
1190.896	1522.920	1418.648	1377.488
1739.696	1827.504	1544.872	1704.024
1805.552	1970.192	1553.104	1776.283
1270.472	1514.688	1649.144	1478.101
1355.536	1698.536	1424.136	1492.736
1284.192	1393.952	1429.624	1369.256
1531.152	1651.888	1594.264	1592.435
1328.096	1693.048	1435.112	1485.419
1388.464	1747.928	1539.384	1558.592
1125.040	1426.880	1553.104	1368.341
1591.520	1457.064	1868.664	1639.083
1687.560	1525.664	1572.312	1595.179
1481.760	1778.112	1846.712	1702.195
1404.928	1819.272	1983.912	1736.037
1275.960	1597.008	1498.224	1457.064
1676.584	1569.568	1366.512	1537.555
1325.352	1635.424	1119.552	1360.109
1704.024	1723.232	1640.912	1689.389
1215.592	1723.232	1333.584	1424.136
1141.504	1687.560	1487.248	1438.771
1297.912	1717.744	1591.520	1535.725
1517.432	1797.320	1599.752	1638.168
1355.536	1830.248	1358.280	1514.688
2003.120	1695.792	1627.192	1775.368
1355.536	1404.928	1539.384	1433.283
1388.464	1926.288	1413.160	1575.971
1476.272	1374.744	1446.088	1432.368
1215.592	2000.376	1651.888	1622.619
1443.344	1838.480	1583.288	1621.704
1462.552	1542.128	1500.968	1501.883
1772.624	1701.280	1632.680	1702.195
1588.776	2104.648	1558.592	1750.672
1591.520	2173.248	1295.168	1686.645
1435.112	1550.360	1734.208	1573.227
1901.592	1950.984	1586.032	1812.869
1487.248	1728.720	1544.872	1586.947
1306.144	1808.296	1723.232	1612.557
985.096	1454.320	1251.264	1230.227
1212.848	1789.088	1404.928	1468.955
1665.608	1794.576	1432.368	1630.851
1116.808	1525.664	1155.224	1265.899
1026.256	1657.376	1322.608	1335.413
1251.264	1602.496	1440.600	1431.453
1256.752	1808.296	1286.936	1450.661
1179.920	1854.944	1317.120	1450.661
1396.696	2236.360	1462.552	1698.536
1020.768	1536.640	1339.072	1298.827
1402.184	2159.528	1355.536	1639.083
1536.640	1756.160	1712.256	1668.352
1144.248	1328.096	1421.392	1297.912
1303.400	1561.336	1555.848	1473.528
1355.536	1931.776	1446.088	1577.800
1182.664	2044.280	1426.880	1551.275
1607.984	1915.312	1317.120	1613.472
1330.840	1860.432	996.072	1395.781
1218.336	2162.272	1229.312	1536.640
1517.432	2145.808	1382.976	1682.072
1701.280	1701.280	1070.160	1490.907
1393.952	1684.816	1146.992	1408.587
1684.816	1476.272	1207.360	1456.149
1174.432	1575.056	1078.392	1275.960
1772.624	1673.840	1404.928	1617.131
1286.936	1816.528	1275.960	1459.808
1605.240	1827.504	1166.200	1532.981
1725.976	1369.256	1333.584	1476.272
1322.608	1361.024	1226.568	1303.400
1709.512	1517.432	1819.272	1682.072
1682.072	1544.872	1440.600	1555.848
1034.488	1616.216	1136.016	1262.240
1275.960	1251.264	1081.136	1202.787
1325.352	1676.584	1215.592	1405.843
1492.736	1671.096	1489.992	1551.275
1333.584	1824.760	1300.656	1486.333
1808.296	1424.136	1432.368	1554.933
1303.400	1457.064	1157.968	1306.144
1042.720	1575.056	1267.728	1295.168
1610.728	1517.432	1188.152	1438.771
1212.848	1599.752	1339.072	1383.891
1199.128	1896.104	1328.096	1474.443
1627.192	1536.640	1297.912	1487.248
1649.144	1931.776	1396.696	1659.205
1950.984	1561.336	1410.416	1640.912
2090.928	1352.792	1468.040	1637.253
2343.376	1904.336	1372.000	1873.237
1745.184	1511.944	1264.984	1507.371
1646.400	1709.512	1119.552	1491.821
1780.856	1671.096	1319.864	1590.605
1764.392	2038.792	1273.216	1692.133
1684.816	1533.896	1303.400	1507.371
1756.160	1489.992	1267.728	1504.627
1671.096	1254.008	1190.896	1372.000
1761.648	1690.304	1070.160	1507.371
2313.192	1597.008	1182.664	1697.621
1690.304	1624.448	1322.608	1545.787
1500.968	1207.360	1372.000	1360.109
1797.320	1745.184	1607.984	1716.829
1706.768	1446.088	1382.976	1511.944
1577.800	1753.416	1289.680	1540.299
1509.200	1550.360	1522.920	1527.493
1857.688	1673.840	1300.656	1610.728
1758.904	1344.560	1286.936	1463.467
1026.256	1517.432	1037.232	1193.640
1657.376	1550.360	1075.648	1427.795
1407.672	1424.136	1141.504	1324.437
1237.544	1388.464	1177.176	1267.728
1531.152	1745.184	1248.520	1508.285
1558.592	1511.944	1149.736	1406.757
1325.352	1613.472	1234.800	1391.208
1328.096	1443.344	1119.552	1296.997
1284.192	1838.480	1314.376	1479.016
1558.592	1629.936	1171.688	1453.405
1492.736	1580.544	1588.776	1554.019
1506.456	1583.288	1270.472	1453.405
1564.080	1468.040	1262.240	1431.453
1295.168	1725.976	1240.288	1420.477
1207.360	1418.648	1372.000	1332.669
1116.808	1723.232	1325.352	1388.464
1525.664	1319.864	1086.624	1310.717
1155.224	1753.416	1289.680	1399.440
1097.600	1822.016	1050.952	1323.523
1223.824	1569.568	1168.944	1320.779
1465.296	1553.104	1264.984	1427.795
1070.160	1484.504	1267.728	1274.131
1597.008	1706.768	1053.696	1452.491
1163.456	1640.912	1004.304	1269.557
1709.512	1665.608	1245.776	1540.299
1522.920	1813.784	1064.672	1467.125
1240.288	1591.520	1111.320	1314.376
1254.008	1920.800	1116.808	1430.539
1361.024	2011.352	1286.936	1553.104
1904.336	1775.368	1067.416	1582.373
1440.600	1638.168	1185.408	1421.392
757.344	1553.104	1358.280	1222.909
718.928	1627.192	1454.320	1266.813
1421.392	1575.056	1094.856	1363.768
757.344	1827.504	1256.752	1280.533
1174.432	1931.776	1070.160	1392.123
1256.752	1808.296	1152.480	1405.843
1344.560	1986.656	1339.072	1556.763
1566.824	1517.432	1421.392	1501.883
1509.200	1638.168	1125.040	1424.136
1229.312	1550.360	1097.600	1292.424
1125.040	1314.376	952.168	1130.528
1418.648	1470.784	1544.872	1478.101
1577.800	1465.296	1451.576	1498.224
1264.984	1808.296	1064.672	1379.317
902.776	1918.056	1297.912	1372.915
773.808	1780.856	1712.256	1422.307
1542.128	1940.008	1547.616	1676.584
836.920	1415.904	1443.344	1232.056
1520.176	1662.864	990.584	1391.208
1314.376	1599.752	1174.432	1362.853
1182.664	1657.376	1207.360	1349.133
1660.120	1830.248	1317.120	1602.496
1832.992	1506.456	1339.072	1559.507
1561.336	1676.584	1426.880	1554.933
1890.616	1580.544	1492.736	1654.632
1509.200	1259.496	1418.648	1395.781
1179.920	1479.016	1237.544	1298.827
1435.112	1588.776	1319.864	1447.917
1610.728	2058.000	1308.888	1659.205
1599.752	1558.592	1542.128	1566.824
1531.152	1668.352	1083.880	1427.795
1544.872	1607.984	1138.760	1430.539
1193.640	1827.504	1314.376	1445.173
1251.264	1701.280	1358.280	1436.941
1404.928	1802.808	1207.360	1471.699
1876.896	1525.664	1092.112	1498.224
1352.792	2016.840	1179.920	1516.517
1127.784	1668.352	1399.440	1398.525
1168.944	1909.824	1210.104	1429.624
1651.888	1736.952	1245.776	1544.872
1934.520	1528.408	1339.072	1600.667
1262.240	1778.112	1160.712	1400.355
1185.408	1904.336	1275.960	1455.235
1498.224	1372.000	1426.880	1432.368
1358.280	1341.816	1037.232	1245.776
1701.280	1410.416	1459.808	1523.835
1223.824	1443.344	1344.560	1337.243
1413.160	1226.568	1561.336	1400.355
1212.848	1377.488	1967.448	1519.261
1061.928	1479.016	1520.176	1353.707
1402.184	1687.560	1564.080	1551.275
1295.168	1462.552	1712.256	1489.992
1547.616	1435.112	1308.888	1430.539
1931.776	1454.320	1372.000	1586.032
1240.288	1448.832	1739.696	1476.272
1492.736	1514.688	1528.408	1511.944
1657.376	1440.600	1520.176	1539.384
1196.384	1303.400	1476.272	1325.352
1594.264	1591.520	1498.224	1561.336
1418.648	1533.896	1561.336	1504.627
1223.824	1286.936	1753.416	1421.392
1086.624	1470.784	1712.256	1423.221
1267.728	1245.776	1407.672	1307.059
1204.616	1396.696	1495.480	1365.597
1127.784	1575.056	1476.272	1393.037
1116.808	1366.512	1292.424	1258.581
1314.376	1204.616	1292.424	1270.472
1339.072	1564.080	1607.984	1503.712
1188.152	1421.392	1369.256	1326.267
1366.512	1506.456	1358.280	1410.416
1289.680	1468.040	1835.736	1531.152
1020.768	1511.944	1575.056	1369.256
979.608	1536.640	1489.992	1335.413
1094.856	1500.968	1278.704	1291.509
1166.200	1682.072	1662.864	1503.712
1295.168	1426.880	1500.968	1407.672
1330.840	1780.856	1684.816	1598.837
1111.320	1275.960	1693.048	1360.109
1207.360	1542.128	1319.864	1356.451
1377.488	1388.464	1415.904	1393.952
1177.176	1536.640	1509.200	1407.672
1429.624	2003.120	1377.488	1603.411
1193.640	1550.360	1468.040	1404.013
1454.320	1168.944	1410.416	1344.560
1372.000	1517.432	1457.064	1448.832
1177.176	1418.648	1382.976	1326.267
1372.000	1657.376	1243.032	1424.136
1267.728	1317.120	1339.072	1307.973
1336.328	1385.720	1635.424	1452.491
1130.528	1564.080	1487.248	1393.952
1580.544	1075.648	1448.832	1368.341
1687.560	1358.280	1794.576	1613.472
1160.712	1399.440	1690.304	1416.819
1404.928	1262.240	1542.128	1403.099
1533.896	1275.960	1854.944	1554.933
1185.408	1297.912	1440.600	1307.973
1547.616	1769.880	1072.904	1463.467
1500.968	1500.968	1404.928	1468.955
1731.464	1509.200	1314.376	1518.347
1306.144	1413.160	1492.736	1404.013
1404.928	1624.448	1056.440	1361.939
1281.448	1531.152	1366.512	1393.037
1350.048	1520.176	1536.640	1468.955
1330.840	1769.880	1311.632	1470.784
1824.760	1865.920	1127.784	1606.155
1393.952	1627.192	1234.800	1418.648
1369.256	1385.720	1531.152	1428.709
1311.632	1778.112	1317.120	1468.955
1264.984	1739.696	1391.208	1465.296
1382.976	1281.448	1610.728	1425.051
1097.600	1800.064	1668.352	1522.005
1780.856	1750.672	1418.648	1650.059
1029.000	1717.744	1297.912	1348.219
1339.072	1791.832	1174.432	1435.112
1297.912	2140.320	1259.496	1565.909
1089.368	1391.208	1728.720	1403.099
1256.752	1668.352	1325.352	1416.819
1179.920	1660.120	1361.024	1400.355
1270.472	1706.768	1201.872	1393.037
1155.224	1756.160	2022.328	1644.571
1462.552	1437.856	1462.552	1454.320
1289.680	1890.616	1418.648	1532.981
1245.776	1358.280	1391.208	1331.755
1177.176	1632.680	1575.056	1461.637
1498.224	1511.944	1533.896	1514.688
1264.984	1673.840	1473.528	1470.784
1690.304	1424.136	1314.376	1476.272
1657.376	1885.128	1555.848	1699.451
1679.328	1780.856	1517.432	1659.205
1155.224	1964.704	1728.720	1616.216
1248.520	2019.584	1649.144	1639.083
1144.248	1649.144	1555.848	1449.747
1218.336	1476.272	1141.504	1278.704
1747.928	1885.128	1311.632	1648.229
1618.960	1533.896	1577.800	1576.885
1174.432	1857.688	1421.392	1484.504
1160.712	1690.304	1624.448	1491.821
1443.344	1522.920	1382.976	1449.747
1149.736	1429.624	1547.616	1375.659
1860.432	1890.616	1605.240	1785.429
1125.040	1607.984	1693.048	1475.357
1210.104	1500.968	1393.952	1368.341
1234.800	1415.904	1654.632	1435.112
1712.256	1393.952	1789.088	1631.765
1347.304	1358.280	1657.376	1454.320
1185.408	1361.024	1361.024	1302.485
1591.520	1437.856	1602.496	1543.957
1070.160	1511.944	1901.592	1494.565
1262.240	1240.288	1182.664	1228.397
1177.176	1520.176	1649.144	1448.832
1517.432	1339.072	1575.056	1477.187
1251.264	1451.576	1391.208	1364.683
1690.304	1800.064	1358.280	1616.216
1613.472	1421.392	1421.392	1485.419
1152.480	1264.984	1728.720	1382.061
1130.528	1500.968	1583.288	1404.928
1245.776	1188.152	1440.600	1291.509
1421.392	1668.352	1704.024	1597.923
1045.464	1446.088	1273.216	1254.923
1753.416	1388.464	1577.800	1573.227
1286.936	1929.032	1739.696	1651.888
1199.128	1739.696	1533.896	1490.907
1056.440	1931.776	1907.080	1631.765
1061.928	1572.312	1492.736	1375.659
1256.752	1682.072	1339.072	1425.965
1179.920	1618.960	1226.568	1341.816
1174.432	1657.376	1542.128	1457.979
1223.824	1852.200	1720.488	1598.837
1201.872	1660.120	1580.544	1480.845
1372.000	1306.144	1426.880	1368.341
1322.608	1690.304	1794.576	1602.496
1424.136	2044.280	1374.744	1614.387
1322.608	1591.520	1791.832	1568.653
1064.672	1544.872	1525.664	1378.403
1462.552	1415.904	1693.048	1523.835
916.496	1284.192	1432.368	1211.019
930.216	1432.368	1640.912	1334.499
1341.816	1402.184	1542.128	1428.709
1138.760	1435.112	1264.984	1279.619
1311.632	1391.208	1569.568	1424.136
1061.928	1333.584	1640.912	1345.475
889.056	1380.232	1542.128	1270.472
1232.056	1193.640	1465.296	1296.997
1081.136	1325.352	1586.032	1330.840
1319.864	1289.680	1704.024	1437.856
1201.872	1333.584	1481.760	1339.072
1487.248	1492.736	1503.712	1494.565
1547.616	1264.984	1756.160	1522.920
1462.552	1372.000	1668.352	1500.968
1092.112	1432.368	1599.752	1374.744
878.080	1487.248	1281.448	1215.592
1103.088	1446.088	1816.528	1455.235
990.584	1328.096	1418.648	1245.776
1009.792	1476.272	1437.856	1307.973
957.656	1421.392	1865.920	1414.989
1059.184	1374.744	1319.864	1251.264
1037.232	2077.208	1528.408	1547.616
886.312	1341.816	1539.384	1255.837
1023.512	1374.744	1544.872	1314.376
1138.760	1341.816	1613.472	1364.683
979.608	1267.728	1462.552	1236.629
1056.440	1459.808	1701.280	1405.843
897.288	1308.888	1525.664	1243.947
1215.592	1404.928	1956.472	1525.664
1251.264	1865.920	1745.184	1620.789
1127.784	1901.592	1673.840	1567.739
971.376	1783.600	1808.296	1521.091
982.352	1470.784	1635.424	1362.853
1424.136	1336.328	1827.504	1529.323
900.032	1533.896	1827.504	1420.477
1009.792	1769.880	1879.640	1553.104
1168.944	1575.056	2189.712	1644.571
1050.952	1245.776	1745.184	1347.304
1429.624	1668.352	1750.672	1616.216
930.216	1314.376	2165.016	1469.869
1152.480	1306.144	1640.912	1366.512
1045.464	1114.064	1284.192	1147.907
979.608	1402.184	1723.232	1368.341
905.520	1251.264	1602.496	1253.093
943.936	1193.640	1264.984	1134.187
1179.920	2008.608	1558.592	1582.373
1015.280	1306.144	1835.736	1385.720
1226.568	1286.936	2071.720	1528.408
968.632	1325.352	1314.376	1202.787
965.888	1443.344	1660.120	1356.451
850.640	1522.920	1457.064	1276.875
845.152	1775.368	1561.336	1393.952
776.552	1237.544	1240.288	1084.795
960.400	1646.400	1728.720	1445.173
1168.944	1822.016	1531.152	1507.371
949.424	1476.272	1295.168	1240.288
996.072	1391.208	1448.832	1278.704
1352.792	1649.144	1983.912	1661.949
1341.816	1618.960	1569.568	1510.115
1007.048	1352.792	1709.512	1356.451
979.608	1465.296	1517.432	1320.779
1344.560	1613.472	1498.224	1485.419
1119.552	1676.584	1863.176	1553.104
1196.384	1481.760	1665.608	1447.917
1105.832	1468.040	1393.952	1322.608
965.888	1429.624	1827.504	1407.672
1196.384	1734.208	1470.784	1467.125
1023.512	1811.040	1525.664	1453.405
878.080	1918.056	1531.152	1442.429
1103.088	1863.176	1616.216	1527.493
1215.592	1613.472	1890.616	1573.227
963.144	1240.288	1780.856	1328.096
1278.704	1363.768	1413.160	1351.877
921.984	1396.696	1621.704	1313.461
889.056	1457.064	1992.144	1446.088
1237.544	1322.608	1531.152	1363.768
1223.824	1237.544	1896.104	1452.491
1495.480	1339.072	1764.392	1532.981
1001.560	1319.864	1591.520	1304.315
1245.776	1572.312	1591.520	1469.869
971.376	1950.984	1610.728	1511.029
1119.552	1237.544	1734.208	1363.768
1031.744	1284.192	1583.288	1299.741
878.080	1539.384	1857.688	1425.051
908.264	1476.272	1890.616	1425.051
905.520	1171.688	1509.200	1195.469
1388.464	1100.344	1901.592	1463.467
	1355.536	1967.448	
795.760	952.168	1789.088	1179.005
897.288	1136.016	1632.680	1221.995
908.264	1072.904	1618.960	1200.043
806.736	1500.968	1382.976	1230.227
1078.392	1613.472	1473.528	1388.464
1031.744	1092.112	1640.912	1254.923
905.520	1223.824	1665.608	1264.984
894.544	1155.224	1893.360	1314.376
1254.008	1207.360	1956.472	1472.613
1067.416	1399.440	1643.656	1370.171
1136.016	1671.096	1731.464	1512.859
1317.120	1259.496	1668.352	1414.989
1256.752	1166.200	1673.840	1365.597
1070.160	1171.688	1736.952	1326.267
850.640	1259.496	1550.360	1220.165
1127.784	1254.008	1742.440	1374.744
1146.992	1682.072	1682.072	1503.712
1275.960	1100.344	1536.640	1304.315
1347.304	1130.528	1720.488	1399.440
998.816	1177.176	1402.184	1192.725
1179.920	1429.624	1940.008	1516.517
1157.968	1440.600	1923.544	1507.371
1108.576	1116.808	1852.200	1359.195
1130.528	1232.056	1627.192	1329.925
880.824	1149.736	1629.936	1220.165
1374.744	1188.152	2230.872	1597.923
878.080	1520.176	1520.176	1306.144
1133.272	1267.728	1385.720	1262.240
1168.944	1410.416	2090.928	1556.763
987.840	1292.424	1750.672	1343.645
842.408	1336.328	1879.640	1352.792
921.984	2121.112	1747.928	1597.008
954.912	1212.848	1599.752	1255.837
957.656	1146.992	1915.312	1339.987
850.640	1399.440	1709.512	1319.864
834.176	1223.824	1811.040	1289.680
864.360	1350.048	2003.120	1405.843
699.720	1207.360	1306.144	1071.075
952.168	1199.128	1701.280	1284.192
686.000	1278.704	1852.200	1272.301
1204.616	1297.912	1602.496	1368.341
1029.000	1001.560	1586.032	1205.531
916.496	1061.928	1536.640	1171.688
867.104	1432.368	1643.656	1314.376
900.032	1297.912	1621.704	1273.216
919.240	1083.880	2041.536	1348.219
814.968	1380.232	1671.096	1288.765
760.088	1193.640	1783.600	1245.776
861.616	1382.976	1525.664	1256.752
864.360	1344.560	1687.560	1298.827
	1586.032	1597.008	
1039.976	1196.384	1843.968	1360.109
858.872	1399.440	1640.912	1299.741
861.616	1432.368	1915.312	1403.099
587.216	1254.008	1772.624	1204.616
993.328	1361.024	1822.016	1392.123
1037.232	1500.968	1772.624	1436.941
	1665.608	1846.712	
858.872	1410.416	2030.560	1433.283
996.072	1712.256	2038.792	1582.373
990.584	1772.624	1720.488	1494.565
842.408	1451.576	1816.528	1370.171
	1811.040	1786.344	
	1350.048	1959.216	
	1511.944	1723.232	
	1330.840	1690.304	
	1251.264	1890.616	
1078.392	1671.096	1668.352	1472.613
1223.824	1786.344	1599.752	1536.640
	1706.768	1531.152	
	1210.104	1775.368	
1133.272	1275.960	1629.936	1346.389
993.328	1561.336	1772.624	1442.429
	1437.856	1358.280	
	1451.576	1660.120	
	1479.016	1742.440	
	1319.864	1800.064	
1007.048	1665.608	1624.448	1432.368
	1580.544	1901.592	
	1185.408	1643.656	
	2036.048	1832.992	
	1188.152	1503.712	
820.456	1111.320	1893.360	1275.045
	1484.504	1822.016	
	1141.504	1638.168	
	1100.344	2025.072	
	1146.992	1794.576	
	1083.880	1822.016	
	1506.456	1640.912	
	1094.856	1558.592	
	1251.264	1695.792	
	1393.952	1536.640	
	1188.152	1457.064	
	1243.032	1317.120	
823.200	1498.224	1479.016	1266.813
	1248.520	1695.792	
	1481.760	1618.960	
	1462.552	1772.624	
	1511.944	1734.208	
	1308.888	1542.128	
	1660.120	1627.192	
	971.376	1887.872	
	1352.792	1832.992	
	1251.264	1835.736	
	1023.512	1931.776	
858.872	1072.904	1479.016	1136.931
	1317.120	1446.088	
	1251.264	1514.688	
	1396.696	1528.408	
	1495.480	1204.616	
	1693.048	1317.120	
	938.448	1583.288	
	982.352	1531.152	
	1385.720	1720.488	
	1286.936	1591.520	
	1432.368	1717.744	
	1396.696	1865.920	
	1125.040	1618.960	
	1429.624	1597.008	
	1569.568	1662.864	
	1701.280	1503.712	
	1404.928	1778.112	
	1361.024	1542.128	
	1297.912	2003.120	
	1328.096	1830.248	
	1168.944	1764.392	
1174.432	1166.200	1599.752	1313.461
	1350.048	1920.800	
	1476.272	1835.736	
	1553.104	1627.192	
1163.456	1275.960	1531.152	1323.523
	1078.392	1396.696	
	963.144	1695.792	
	1355.536	1668.352	
	1575.056	1739.696	
	1465.296	1896.104	
	1146.992	2211.664	
	1404.928	1975.680	
	1254.008	2008.608	
	1031.744	2244.592	
1369.256	1042.720	1789.088	1400.355
	1308.888	1415.904	
	1199.128	1407.672	
	1418.648	1528.408	
	1443.344	1723.232	
	1221.080	1566.824	
	1462.552	1693.048	
	1086.624	1750.672	
	1487.248	1572.312	
	1382.976	1736.952	
	1322.608	1854.944	
	960.400	1624.448	
	1407.672	1602.496	
	1358.280	1561.336	
1646.400	1243.032	1396.696	1428.709
	1569.568	1838.480	
1001.560	1468.040	1629.936	1366.512
	1380.232	1566.824	
	1542.128	1547.616	
	1723.232	1627.192	
	1662.864	1602.496	
	1275.960	1693.048	
	1649.144	1865.920	
	1800.064	1750.672	
	1503.712	1824.760	
	1245.776	1654.632	
	1929.032	1443.344	
	1555.848	1481.760	
	1374.744	1498.224	
	1382.976	1404.928	
	1531.152	1500.968	
	1100.344	1715.000	
	1531.152	1583.288	
	1481.760	1756.160	
	1476.272	1734.208	
	1882.384	1429.624	
	1607.984	1569.568	
	1706.768	1210.104	
	1816.528	1734.208	
	1695.792	1632.680	
	1487.248	1506.456	
	1163.456	1564.080	
	1270.472	1503.712	
	1640.912	1481.760	
	1366.512	1772.624	
1136.016	1177.176	1800.064	1371.085
	1262.240	1679.328	
	1369.256	1363.768	
	1223.824	1580.544	
	1136.016	1352.792	
	1459.808	1479.016	
	1761.648	1750.672	
	1701.280	1415.904	
	1396.696	1613.472	
	1410.416	1635.424	
	1212.848	1736.952	
	1174.432	1503.712	
	1824.760	1849.456	
	1061.928	1484.504	
	1067.416	1407.672	
	1358.280	1437.856	
	1179.920	1248.520	
	1380.232	1424.136	
	1764.392	1569.568	
	1599.752	1377.488	
	1531.152	1654.632	
	1783.600	1671.096	
	1399.440	1813.784	
	1212.848	1575.056	
	1643.656	1627.192	
	1237.544	1514.688	
	1264.984	1479.016	
	1487.248	1479.016	
	1119.552	1547.616	
	1531.152	1489.992	
	1503.712	1399.440	
	1344.560	1769.880	
	1232.056	1522.920	
	1207.360	1399.440	
	2112.880	1632.680	
	1586.032	1264.984	
	1816.528	1588.776	
	1896.104	1668.352	
	1443.344	1728.720	
	1874.152	1465.296	
	1629.936	1553.104	
	1429.624	1643.656	
	1920.800	1561.336	
	1440.600	1402.184	
	1555.848	1522.920	
	1457.064	1638.168	
	1437.856	1638.168	
	1511.944	1635.424	
	1569.568	1717.744	
	1613.472	1520.176	
	1775.368	1451.576	
	1555.848	1303.400	
	1476.272	1635.424	
	1632.680	1769.880	
	1687.560	1665.608	
	1599.752	1550.360	
	1429.624	1577.800	
	1580.544	1517.432	
880.824	1550.360	1624.448	1351.877
	1830.248	1791.832	
	1533.896	1627.192	
	1212.848	1520.176	
	1336.328	1800.064	
	1632.680	1747.928	
	1747.928	1610.728	
	1975.680	1638.168	
	1986.656	1800.064	
	1786.344	1646.400	
	2025.072	1698.536	
	1747.928	1522.920	
	1959.216	1800.064	
	1597.008	1769.880	
	1734.208	1393.952	
	1561.336	1638.168	
	1728.720	1317.120	
	1882.384	1473.528	
	1583.288	1588.776	
	1709.512	1676.584	
	1317.120	1624.448	
	1643.656	1517.432	
	1997.632	1591.520	
	1651.888	1484.504	
	1267.728	1454.320	
	1769.880	1646.400	
	1706.768	1539.384	
	1558.592	1465.296	
	1295.168	1297.912	
	1923.544	1599.752	
	1723.232	1569.568	
	1577.800	1662.864	
	1684.816	1693.048	
	1306.144	1396.696	
	1328.096	1352.792	
	1306.144	1597.008	
	1212.848	1424.136	
	1605.240	1673.840	
	1553.104	1591.520	
	1426.880	1693.048	
	1503.712	1385.720	
	1399.440	1374.744	
	1621.704	1391.208	
	1717.744	1374.744	
	1531.152	1465.296	
	1333.584	1566.824	
	1547.616	1665.608	
	1429.624	1632.680	
	1245.776	1503.712	
	1372.000	2118.368	
	1339.072	1391.208	
	1479.016	1673.840	
	1484.504	1983.912	
	1273.216	1704.024	
	1800.064	1531.152	
	1325.352	1758.904	
	1325.352	1459.808	
	1308.888	1901.592	
	1273.216	1539.384	
	1179.920	1544.872	
	1355.536	1671.096	
	1237.544	1778.112	
	1308.888	1690.304	
	1372.000	1621.704	
	1284.192	1868.664	
	1528.408	1629.936	
	1514.688	1698.536	
	1341.816	1555.848	
	1339.072	1651.888	
	1119.552	1613.472	
	1174.432	1594.264	
1297.912	1031.744	1564.080	1297.912
	1122.296	1580.544	
	1237.544	1382.976	
	932.960	1254.008	
	1286.936	1070.160	
	1229.312	1643.656	
	1136.016	1509.200	
	1201.872	1210.104	
	1380.232	1673.840	
	1347.304	1594.264	
	1168.944	1374.744	
	1319.864	1684.816	
	1223.824	1695.792	
	1168.944	1690.304	
	1586.032	1432.368	
	1281.448	1421.392	
	1580.544	1366.512	
	1465.296	1542.128	
	1199.128	1465.296	
1078.392	1341.816	1500.968	1307.059
	1404.928	1506.456	
	1319.864	1374.744	
	1459.808	1525.664	
	1676.584	1363.768	
	1157.968	1566.824	
	1610.728	1284.192	
	1514.688	1166.200	
	1094.856	1295.168	
	1336.328	1179.920	
	1451.576	1421.392	
	1155.224	1506.456	
	1210.104	1676.584	
	1372.000	1525.664	
1086.624	1196.384	1520.176	1267.728
	1174.432	1396.696	
	1157.968	1111.320	
	1289.680	1843.968	
	1539.384	1446.088	
	1278.704	1424.136	
	1498.224	1344.560	
	1522.920	1613.472	
	1341.816	1262.240	
	1347.304	1544.872	
	1380.232	1800.064	
	1377.488	1660.120	
	1207.360	1407.672	
	1295.168	1399.440	
	1410.416	1533.896	
	1451.576	1547.616	
	1295.168	1569.568	
	1542.128	1350.048	
	1407.672	1251.264	
	1569.568	1591.520	
	1366.512	1424.136	
	1413.160	1393.952	
	1240.288	1295.168	
	1174.432	1500.968	
	1308.888	1465.296	
	1361.024	1476.272	
	1366.512	1536.640	
	1358.280	1459.808	
	1144.248	1281.448	
	1273.216	1660.120	
	1517.432	1424.136	
	1196.384	1665.608	
	1204.616	1492.736	
	1237.544	1188.152	
	1468.040	1308.888	
	1448.832	1476.272	
	1171.688	1061.928	
	1542.128	1382.976	
	1525.664	1278.704	
	1196.384	1426.880	
	1525.664	1550.360	
	1050.952	1119.552	
	1457.064	1248.520	
	1695.792	1410.416	
	1476.272	1446.088	
	1366.512	1339.072	
	1424.136	1613.472	
	1426.880	1503.712	
	1251.264	1448.832	
	1286.936	1404.928	
	1259.496	1292.424	
	1245.776	1382.976	
	1594.264	1380.232	
	1555.848	902.776	
	1355.536	1100.344	
	1366.512	1289.680	
	1155.224	1533.896	
	1070.160	1413.160	
	1314.376	1264.984	
	1108.576	1391.208	
	1311.632	1278.704	
	1393.952	1339.072	
	1358.280	1374.744	
	1462.552	1344.560	
	1303.400	1248.520	
	1550.360	1248.520	
	1256.752	1333.584	
	1361.024	1174.432	
	1333.584	1451.576	
	1007.048	1399.440	
	1177.176	1201.872	
	1207.360	1125.040	
	1336.328	1498.224	
	1273.216	1437.856	
	1380.232	1196.384	
	1221.080	1385.720	
	1377.488	1240.288	
	1698.536	1160.712	
	1264.984	1468.040	
	1267.728	1385.720	
	1308.888	1684.816	
	1270.472	1229.312	
	1459.808	1355.536	
	1553.104	1295.168	
	1643.656	1034.488	
	1446.088	1333.584	
	1695.792	1418.648	
	1468.040	1226.568	
	1602.496	1388.464	
	1533.896	911.008	
	1393.952	1317.120	
	1369.256	1081.136	
	1660.120	1701.280	
	1372.000	1484.504	
	1355.536	1179.920	
	1064.672	1267.728	
	1451.576	960.400	
	1193.640	1454.320	
	1188.152	1448.832	
	1479.016	1539.384	
	1421.392	1410.416	
	1811.040	1286.936	
	1514.688	1440.600	
	1363.768	1254.008	
	1695.792	1399.440	
	1432.368	1462.552	
1262.240	1393.952	1330.840	1329.011
	1531.152	1363.768	
	1511.944	1413.160	
	1451.576	1448.832	
	1533.896	1177.176	
	1210.104	1344.560	
	1424.136	1226.568	
	1136.016	1440.600	
	1352.792	1204.616	
	1322.608	1223.824	
	1179.920	974.120	
1193.640	1347.304	1369.256	1303.400
	1432.368	1308.888	
	1347.304	1254.008	
	1339.072	1402.184	
	1709.512	1415.904	
	1264.984	1473.528	
	1333.584	1462.552	
	1243.032	1495.480	
	1437.856	1429.624	
	1448.832	1358.280	
	1196.384	1171.688	
	1243.032	1232.056	
	1380.232	1410.416	
	1564.080	1325.352	
	1352.792	1528.408	
	1297.912	1325.352	
	1489.992	1086.624	
	1267.728	1295.168	
	1536.640	1182.664	
	1127.784	1262.240	
	1525.664	1407.672	
	1473.528	1199.128	
	1243.032	1144.248	
	1193.640	1457.064	
	1673.840	1344.560	
	1122.296	1437.856	
	1201.872	1171.688	
	1358.280	1232.056	
	1668.352	1306.144	
	1555.848	1451.576	
	1385.720	1476.272	
	1429.624	1522.920	
	1533.896	1322.608	
	1369.256	1662.864	
	1330.840	1533.896	
	1388.464	1448.832	
	1330.840	1248.520	
	1393.952	1111.320	
	1662.864	927.472	
	1492.736	1108.576	
	1514.688	1435.112	
1780.856	1522.920	1720.488	1674.755
	1657.376	1306.144	
	1410.416	1566.824	
	1454.320	1605.240	
	1465.296	1377.488	
	1223.824	1270.472	
	1234.800	1300.656	
	1481.760	1237.544	
	1114.064	1061.928	
	1355.536	1078.392	
	1489.992	1182.664	
	1404.928	1141.504	
	1616.216	1190.896	
	1413.160	1185.408	
	1668.352	1259.496	
	1215.592	1059.184	
	1289.680	1125.040	
	1141.504	1289.680	
	1514.688	1256.752	
	1081.136	1215.592	
	1212.848	1212.848	
	1361.024	1188.152	
1586.032	1531.152	1352.792	1489.992
1300.656	1168.944	1289.680	1253.093
	1465.296	1152.480	
	1264.984	1273.216	
	1275.960	1278.704	
	1108.576	1097.600	
	1275.960	1251.264	
	1470.784	1347.304	
	1495.480	1366.512	
	1344.560	1690.304	
	1533.896	1421.392	
	1426.880	1325.352	
	1358.280	1105.832	
	1372.000	1199.128	
	1896.104	1152.480	
	1827.504	1127.784	
	1465.296	1317.120	
	1594.264	1385.720	
	1363.768	1306.144	
1605.240	1393.952	1344.560	1447.917
	1308.888	1267.728	
	1591.520	1311.632	
	1440.600	1188.152	
	1531.152	1399.440	
	1404.928	1391.208	
	1440.600	1380.232	
	1361.024	1561.336	
	1528.408	1520.176	
	1435.112	1492.736	
	1372.000	1572.312	
	1550.360	1555.848	
	1229.312	1100.344	
	1503.712	1171.688	
	1550.360	1418.648	
	1141.504	1182.664	
	1402.184	1160.712	
1564.080	1531.152	1629.936	1575.056
1544.872	1317.120	1072.904	1311.632
	1506.456	1385.720	
	1339.072	1308.888	
	1495.480	1204.616	
	1275.960	1146.992	
	1119.552	1075.648	
	1339.072	1179.920	
	1163.456	1029.000	
1297.912	1311.632	1517.432	1375.659
	1396.696	1089.368	
	1350.048	1199.128	
	1336.328	1034.488	
	1306.144	1273.216	
	1344.560	1050.952	
	1201.872	1190.896	
	1432.368	1426.880	
	1127.784	1520.176	
	1303.400	1018.024	
	1402.184	932.960	
	1188.152	1270.472	
1136.016	1007.048	1245.776	1129.613
	1363.768	1141.504	
1157.968	1254.008	1059.184	1157.053
	1341.816	1223.824	
	1489.992	1259.496	
	1679.328	1119.552	
1243.032	1413.160	1314.376	1323.523
	1336.328	1127.784	
1256.752	1292.424	1322.608	1290.595
	1361.024	1251.264	
	1303.400	1163.456	
	1361.024	1020.768	
	1418.648	1443.344	
	1415.904	1476.272	
	1500.968	1039.976	
	1311.632	1048.208	
	1193.640	1042.720	
	1267.728	1232.056	
	1404.928	1350.048	
	1237.544	1248.520	
	1649.144	1086.624	
	1597.008	1470.784	
	1555.848	1454.320	
	1492.736	1393.952	
	1758.904	1204.616	
	1284.192	1479.016	
	1459.808	1237.544	
	1448.832	1174.432	
	1443.344	1358.280	
	1476.272	1404.928	
	1204.616	1492.736	
	1415.904	1281.448	
	1341.816	1602.496	
	1517.432	1503.712	
	1632.680	1267.728	
	1503.712	1166.200	
	1605.240	1053.696	
	1544.872	949.424	
	1651.888	1221.080	
	1635.424	1564.080	
	1407.672	1201.872	
	1498.224	1064.672	
	1712.256	1061.928	
	1314.376	1495.480	
	1616.216	990.584	
	1533.896	1177.176	
	2112.880	1292.424	
	1684.816	1127.784	
	1668.352	836.920	
	1448.832	1050.952	
	1679.328	1075.648	
1275.960	1673.840	1391.208	1447.003
	1462.552	1207.360	
	1539.384	1078.392	
	1457.064	1240.288	
	1668.352	1001.560	
	1503.712	1078.392	
	1660.120	1023.512	
	1468.040	1138.760	
	1575.056	1072.904	
	1838.480	1141.504	
	1492.736	1144.248	
	1607.984	1136.016	
	1410.416	1177.176	
	1284.192	979.608	
	1300.656	1350.048	
	1418.648	1144.248	
1454.320	1232.056	974.120	1220.165
	1712.256	900.032	
	1399.440	1029.000	
	1344.560	1380.232	
	1303.400	1391.208	
1210.104	1347.304	1177.176	1244.861
	1500.968	798.504	
	1459.808	943.936	
	1479.016	900.032	
932.960	1468.040	1125.040	1175.347
	1374.744	987.840	
	1245.776	889.056	
1196.384	1361.024	946.680	1168.029
	1517.432	1270.472	
	1399.440	1171.688	
	1352.792	1056.440	
	1273.216	1127.784	
	1575.056	1029.000	
1130.528	1704.024	1188.152	1340.901
	1643.656	1243.032	
	1498.224	1130.528	
	1415.904	1092.112	
	1462.552	1059.184	
	1317.120	1333.584	
	1506.456	1229.312	
	1424.136	1144.248	
	1377.488	1045.464	
	1489.992	1295.168	
	1465.296	1061.928	
	1747.928	1215.592	
1207.360	1758.904	1155.224	1373.829
	1509.200	1275.960	
	1564.080	1215.592	
	1484.504	1325.352	
1525.664	1500.968	1328.096	1451.576
	1328.096	1149.736	
	1259.496	1157.968	
1306.144	1286.936	1012.536	1201.872
	1297.912	1300.656	
	1374.744	1007.048	
	1372.000	1201.872	
	1207.360	1256.752	
	1155.224	1188.152	
	1358.280	1232.056	
1039.976	1300.656	1196.384	1179.005
	1443.344	1292.424	
	1575.056	1693.048	
	1706.768	1064.672	
	1476.272	1146.992	
1629.936	1555.848	1232.056	1472.613
	1745.184	1413.160	
	1695.792	1385.720	
1166.200	1517.432	1407.672	1363.768
	1728.720	1064.672	
	1580.544	952.168	
	1520.176	1174.432	
	1462.552	1056.440	
	1350.048	1072.904	
1506.456	1446.088	1448.832	1467.125
	1278.704	1256.752	
1226.568	1168.944	1306.144	1233.885
	1487.248	1083.880	
1053.696	1196.384	1437.856	1229.312
	1396.696	1243.032	
	1372.000	1072.904	
1341.816	1350.048	1503.712	1398.525
	1393.952	1325.352	
	1314.376	1709.512	
	1437.856	1542.128	
1168.944	1448.832	1136.016	1251.264
	1701.280	1487.248	
1034.488	1800.064	1229.312	1354.621
1448.832	1352.792	1311.632	1371.085
	1679.328	1374.744	
	1393.952	1177.176	
1385.720	1415.904	1372.000	1391.208
1489.992	1599.752	1179.920	1423.221
1382.976	1682.072	1547.616	1537.555
1075.648	1319.864	1388.464	1261.325
	1426.880	1262.240	
1201.872	1586.032	1339.072	1375.659
1470.784	1468.040	1481.760	1473.528
	1682.072	1182.664	
1174.432	1811.040	1731.464	1572.312
	1610.728	1454.320	
	1325.352	1333.584	
	1476.272	1284.192	
	1577.800	1207.360	
1152.480	1424.136	1462.552	1346.389
1440.600	1564.080	1487.248	1497.309
1544.872	1341.816	1275.960	1387.549
	1273.216	1256.752	
	1374.744	1193.640	
	1492.736	1372.000	
	1284.192	1292.424	
1385.720	1355.536	1308.888	1350.048
	1402.184	1251.264	
1100.344	1448.832	1229.312	1259.496
	1317.120	1583.288	
916.496	1168.944	1018.024	1034.488
1097.600	1218.336	1399.440	1238.459
	1468.040	1125.040	
	1451.576	1544.872	
	1577.800	1278.704	
	1429.624	1103.088	
	1284.192	1067.416	
	1660.120	1454.320	
1119.552	1709.512	1317.120	1382.061
	1503.712	1572.312	
	1311.632	1679.328	
	1451.576	1533.896	
	1673.840	1811.040	
	1646.400	1355.536	
	1550.360	1473.528	
1451.576	1525.664	1429.624	1468.955
1404.928	1440.600	1341.816	1395.781
	1588.776	1731.464	
1286.936	1555.848	1498.224	1447.003
1171.688	1558.592	1761.648	1497.309
1234.800	1731.464	1742.440	1569.568
	1830.248	1602.496	
	1415.904	1736.952	
	1723.232	1520.176	
	1687.560	1621.704	
1454.320	1459.808	1865.920	1593.349
	1514.688	1992.144	
1446.088	1712.256	1479.016	1545.787
	1495.480	1404.928	
1566.824	1695.792	1874.152	1712.256
1572.312	1462.552	1704.024	1579.629
1402.184	1440.600	1550.360	1464.381
1580.544	1440.600	1896.104	1639.083
1509.200	1561.336	1849.456	1639.997
1701.280	1319.864	1566.824	1529.323
1429.624	1443.344	1764.392	1545.787
1786.344	1693.048	1572.312	1683.901
1492.736	1698.536	1495.480	1562.251
1671.096	1972.936	1308.888	1650.973
1767.136	1569.568	1904.336	1747.013
1654.632	1621.704	1607.984	1628.107
	1448.832	1487.248	
	1668.352	1632.680	
1693.048	1528.408	1651.888	1624.448
1607.984	1756.160	1871.408	1745.184
1695.792	1920.800	1440.600	1685.731
1588.776	1764.392	1701.280	1684.816
1500.968	1907.080	1506.456	1638.168
1673.840	1830.248	1366.512	1623.533
1306.144	2079.952	1382.976	1589.691
1237.544	1720.488	1671.096	1543.043
1640.912	1745.184	1783.600	1723.232
1465.296	1723.232	1289.680	1492.736
1440.600	1588.776	1232.056	1420.477
1415.904	1657.376	1399.440	1490.907
1553.104	1536.640	1391.208	1493.651
1457.064	1506.456	1514.688	1492.736
1407.672	1418.648	1522.920	1449.747
1577.800	1682.072	1322.608	1527.493
	1311.632	1372.000	
	1489.992	1267.728	
1492.736	1553.104	1742.440	1596.093
1712.256	1583.288	1125.040	1473.528
1712.256	1495.480	1358.280	1522.005
1646.400	1407.672	1341.816	1465.296
1542.128	1388.464	1402.184	1444.259
	1511.944	1358.280	
1481.760	1492.736	1591.520	1522.005
1750.672	1577.800	1654.632	1661.035
	1520.176	1289.680	
	1402.184	1602.496	
	1481.760	1256.752	
	1339.072	1668.352	
	1525.664	1553.104	
	1577.800	1451.576	
	1432.368	1193.640	
1575.056	1369.256	1435.112	1459.808
	1435.112	1446.088	
	1569.568	1094.856	
	1597.008	1396.696	
1838.480	1470.784	1196.384	1501.883
1616.216	1854.944	1454.320	1641.827
	1682.072	1352.792	
	1739.696	1429.624	
	1339.072	1662.864	
	1547.616	1931.776	
	1715.000	1564.080	
	1816.528	1539.384	
	2088.184	1503.712	
	1594.264	1500.968	
1720.488	1254.008	1624.448	1532.981
	1451.576	1531.152	
1533.896	1717.744	1599.752	1617.131
1470.784	1723.232	1462.552	1552.189
	2005.864	1462.552	
	1662.864	1363.768	
	1915.312	1479.016	
	1802.808	1393.952	
	1671.096	1547.616	
	2036.048	1396.696	
1382.976	1739.696	1687.560	1603.411
	2277.520	1533.896	
	1813.784	1558.592	
1179.920	2379.048	1141.504	1566.824
	1684.816	1396.696	
	1542.128	1627.192	
	1695.792	1566.824	
1673.840	1594.264	1193.640	1487.248
	1616.216	1243.032	
1308.888	1632.680	1575.056	1505.541
1306.144	1514.688	1607.984	1476.272
1607.984	1657.376	1706.768	1657.376
	1624.448	1470.784	
1226.568	1553.104	1325.352	1368.341
	1767.136	1314.376	
	2014.096	1311.632	
1273.216	1745.184	1421.392	1479.931
	1887.872	1481.760	
1297.912	2186.968	1380.232	1621.704
	1918.056	1319.864	
	1975.680	1451.576	
	1706.768	1146.992	
	2016.840	1259.496	
1157.968	1610.728	1295.168	1354.621
1487.248	2189.712	1797.320	1824.760
	1514.688	1671.096	
	1830.248	1226.568	
	1972.936	1651.888	
1034.488	2000.376	1739.696	1591.520
	1566.824	1564.080	
1190.896	1772.624	1328.096	1430.539
	2165.016	1624.448	
	2156.784	1221.080	
	1912.568	1174.432	
	1517.432	1522.920	
	1448.832	1160.712	
	1693.048	1627.192	
	1912.568	1528.408	
	1783.600	1577.800	
	2096.416	1695.792	
	2038.792	1297.912	
	1898.848	1295.168	
	2014.096	1352.792	
	1909.824	1481.760	
1616.216	1805.552	1660.120	1693.963
	1745.184	1651.888	
	1629.936	1769.880	
	1747.928	1547.616	
	1863.176	1470.784	
	1695.792	1832.992	
	1912.568	1575.056	
	1649.144	1503.712	
	1377.488	1470.784	
1374.744	1616.216	1506.456	1499.139
	2016.840	1446.088	
1443.344	1791.832	1341.816	1525.664
	1660.120	1607.984	
	1212.848	1684.816	
	1690.304	1155.224	
1372.000	1539.384	1188.152	1366.512
	1462.552	1459.808	
	1915.312	1544.872	
1292.424	1640.912	1177.176	1370.171
	1539.384	1300.656	
	1822.016	1544.872	
	1575.056	1270.472	
	1816.528	1229.312	
1245.776	1544.872	1629.936	1473.528
	1311.632	1127.784	
	1355.536	1347.304	
	1306.144	1363.768	
	1879.640	1284.192	
	1319.864	1443.344	
1281.448	1720.488	1303.400	1435.112
	1481.760	1468.040	
1344.560	1536.640	1245.776	1375.659
1295.168	1769.880	1319.864	1461.637
	1355.536	1388.464	
	1369.256	1635.424	
	1588.776	1037.232	
	1503.712	1972.936	
	1715.000	1355.536	
	1879.640	1078.392	
1613.472	1366.512	974.120	1318.035
	1418.648	1248.520	
	1613.472	1764.392	
	1479.016	1802.808	
	1418.648	1468.040	
1067.416	1536.640	1874.152	1492.736
1292.424	1808.296	1424.136	1508.285
1363.768	1498.224	1940.008	1600.667
	1289.680	1813.784	
1116.808	1435.112	1739.696	1430.539
	1103.088	1446.088	
1448.832	1177.176	1440.600	1355.536
1226.568	1262.240	1597.008	1361.939
	2027.816	1569.568	
	1594.264	1042.720	
1506.456	1350.048	1476.272	1444.259
	1583.288	1218.336	
	1761.648	1330.840	
	1832.992	1278.704	
	1739.696	1923.544	
	1509.200	1188.152	
1547.616	1775.368	1292.424	1538.469
	1149.736	1127.784	
	1599.752	1369.256	
	1308.888	1350.048	
1330.840	1462.552	1520.176	1437.856
	1750.672	1476.272	
	1827.504	1223.824	
	1429.624	1382.976	
1314.376	1520.176	1325.352	1386.635
1572.312	1465.296	1226.568	1421.392
1693.048	1520.176	1594.264	1602.496
1533.896	1297.912	1462.552	1431.453
	1942.752	1396.696	
1503.712	1536.640	1994.888	1678.413
	1374.744	1616.216	
1586.032	1553.104	1308.888	1482.675
	1382.976	1402.184	
	1654.632	1303.400	
	1525.664	1649.144	
	1819.272	1547.616	
1396.696	1358.280	1215.592	1323.523
1802.808	1366.512	1311.632	1493.651
	1989.400	1314.376	
	1531.152	1789.088	
	1358.280	1484.504	
	1616.216	1251.264	
	1868.664	1237.544	
	1734.208	1544.872	
1440.600	1616.216	1514.688	1523.835
1218.336	1586.032	1278.704	1361.024
	1350.048	1500.968	
	1232.056	1256.752	
1451.576	1125.040	1278.704	1285.107
1355.536	1662.864	1506.456	1508.285
	1676.584	1212.848	
	1852.200	1146.992	
	1791.832	1297.912	
	1586.032	1358.280	
	1827.504	1229.312	
	1402.184	1465.296	
	1852.200	1256.752	
	1657.376	1402.184	
	1479.016	1350.048	
	1610.728	1204.616	
	1215.592	1092.112	
	1391.208	1747.928	
	1432.368	1262.240	
	1602.496	1440.600	
	1509.200	1547.616	
	1654.632	1525.664	
	1885.128	1199.128	
	1651.888	1437.856	
1212.848	1105.832	1451.576	1256.752
	2008.608	1514.688	
	1528.408	1215.592	
	1660.120	1273.216	
	1531.152	1745.184	
	1361.024	1520.176	
	1926.288	1141.504	
	1695.792	1854.944	
	1328.096	1758.904	
1070.160	1234.800	1575.056	1293.339
	1679.328	1407.672	
	1613.472	1234.800	
	1270.472	1651.888	
	1671.096	1662.864	
	1789.088	1769.880	
	1863.176	1426.880	
	1764.392	1673.840	
	1997.632	1528.408	
	1396.696	1778.112	
	1081.136	1635.424	
1391.208	1424.136	1533.896	1449.747
	1605.240	1399.440	
	1314.376	1245.776	
	1369.256	1177.176	
	1827.504	1514.688	
	1588.776	1344.560	
	1621.704	1210.104	
	2099.160	1391.208	
	1706.768	1350.048	
	1879.640	1484.504	
	2206.176	1259.496	
	2203.432	1915.312	
	1484.504	1673.840	
1136.016	1495.480	1163.456	1264.984
	1256.752	1234.800	
	1201.872	1303.400	
	1372.000	1138.760	
	1509.200	1687.560	
	1358.280	1146.992	
	1363.768	1457.064	
927.472	1396.696	1528.408	1284.192
	2096.416	1341.816	
	1440.600	1693.048	
	1498.224	1366.512	
1308.888	1489.992	1561.336	1453.405
	1967.448	1511.944	
1344.560	1750.672	1388.464	1494.565
	1547.616	1146.992	
	1133.272	1333.584	
	1275.960	1621.704	
	1366.512	1347.304	
	1072.904	1245.776	
	1089.368	1264.984	
	1152.480	1163.456	
	1750.672	1561.336	
	1182.664	1292.424	
	1424.136	1322.608	
1196.384	1163.456	1429.624	1263.155
	1295.168
