Controle	25mg	200mg	media
1489.992	1347.304	1141.504	1326.267
1484.504	1064.672	1174.432	1241.203
1665.608	1144.248	1048.208	1286.021
1789.088	1232.056	1174.432	1398.525
1830.248	1435.112	1136.016	1467.125
1426.880	1377.488	1339.072	1381.147
1533.896	1311.632	976.864	1274.131
1948.240	1144.248	1100.344	1397.611
1616.216	1078.392	1111.320	1268.643
1352.792	971.376	1111.320	1145.163
1654.632	1097.600	998.816	1250.349
1539.384	1089.368	1042.720	1223.824
1747.928	1072.904	864.360	1228.397
1303.400	1473.528	982.352	1253.093
1725.976	1092.112	825.944	1214.677
1544.872	1259.496	941.192	1248.520
1542.128	1031.744	1267.728	1280.533
1725.976	1218.336	985.096	1309.803
1424.136	996.072	941.192	1120.467
1481.760	1097.600	938.448	1172.603
1333.584	1487.248	1100.344	1307.059
1860.432	1072.904	1267.728	1400.355
1734.208	1133.272	1125.040	1330.840
1555.848	1267.728	1218.336	1347.304
1602.496	1177.176	1031.744	1270.472
1682.072	1081.136	1111.320	1291.509
1610.728	1141.504	1193.640	1315.291
1904.336	1262.240	1199.128	1455.235
1542.128	1229.312	1339.072	1370.171
1673.840	1259.496	957.656	1296.997
1424.136	1295.168	1009.792	1243.032
1536.640	1328.096	1125.040	1329.925
1597.008	985.096	982.352	1188.152
1673.840	1797.320	1333.584	1601.581
1196.384	1067.416	1125.040	1129.613
1717.744	1094.856	1284.192	1365.597
2096.416	1314.376	1020.768	1477.187
1572.312	1369.256	1086.624	1342.731
1638.168	993.328	993.328	1208.275
1503.712	919.240	1204.616	1209.189
1654.632	1023.512	1248.520	1308.888
1503.712	1012.536	1001.560	1172.603
1577.800	1089.368	943.936	1203.701
2027.816	935.704	1182.664	1382.061
1945.496	1259.496	1009.792	1404.928
1610.728	1339.072	1114.064	1354.621
1715.000	1275.960	1166.200	1385.720
1854.944	1517.432	1160.712	1511.029
1863.176	1160.712	1031.744	1351.877
1723.232	1125.040	1179.920	1342.731
1632.680	1146.992	1061.928	1280.533
2115.624	1193.640	971.376	1426.880
1610.728	1007.048	1196.384	1271.387
1819.272	1350.048	1094.856	1421.392
1484.504	1443.344	1072.904	1333.584
1717.744	1092.112	1240.288	1350.048
1347.304	913.752	1415.904	1225.653
1465.296	1303.400	1081.136	1283.277
1322.608	1061.928	1086.624	1157.053
1308.888	1092.112	1023.512	1141.504
1264.984	1629.936	1237.544	1377.488
1374.744	1229.312	1081.136	1228.397
1311.632	1385.720	1053.696	1250.349
1218.336	1758.904	1212.848	1396.696
1662.864	1638.168	1059.184	1453.405
1591.520	1583.288	1319.864	1498.224
1739.696	1599.752	960.400	1433.283
1876.896	1684.816	1089.368	1550.360
1676.584	1446.088	1116.808	1413.160
1243.032	1693.048	1111.320	1349.133
1306.144	1613.472	1267.728	1395.781
2151.296	1289.680	1078.392	1506.456
1171.688	1278.704	1155.224	1201.872
1262.240	1382.976	1201.872	1282.363
1374.744	1599.752	1270.472	1414.989
1660.120	1256.752	935.704	1284.192
1174.432	1254.008	1037.232	1155.224
1136.016	1232.056	1278.704	1215.592
1531.152	1254.008	762.832	1182.664
864.360	1479.016	850.640	1064.672
1643.656	1064.672	820.456	1176.261
1789.088	1160.712	1190.896	1380.232
1089.368	1286.936	1136.016	1170.773
1627.192	1374.744	1097.600	1366.512
1682.072	1275.960	1012.536	1323.523
1566.824	1248.520	921.984	1245.776
1558.592	1344.560	949.424	1284.192
1130.528	1607.984	834.176	1190.896
1665.608	1613.472	1100.344	1459.808
1564.080	1009.792	941.192	1171.688
1210.104	1736.952	924.728	1290.595
1114.064	1355.536	941.192	1136.931
1654.632	1311.632	872.592	1279.619
1572.312	1081.136	905.520	1186.323
1204.616	1330.840	976.864	1170.773
1660.120	1185.408	913.752	1253.093
1259.496	1811.040	872.592	1314.376
1940.008	1171.688	963.144	1358.280
1221.080	1879.640	1053.696	1384.805
1607.984	1322.608	1103.088	1344.560
1610.728	1542.128	954.912	1369.256
1097.600	1245.776	941.192	1094.856
1325.352	979.608	1042.720	1115.893
1243.032	1468.040	1053.696	1254.923
1758.904	1363.768	987.840	1370.171
1059.184	1495.480	1196.384	1250.349
1171.688	1651.888	902.776	1242.117
1273.216	1621.704	891.800	1262.240
1679.328	1569.568	1056.440	1435.112
1709.512	1468.040	1284.192	1487.248
1064.672	1355.536	1042.720	1154.309
1281.448	1558.592	1141.504	1327.181
1382.976	1553.104	853.384	1263.155
1448.832	1764.392	1149.736	1454.320
1857.688	1388.464	1190.896	1479.016
1262.240	1037.232	1001.560	1100.344
1171.688	1536.640	965.888	1224.739
1473.528	1495.480	960.400	1309.803
1421.392	1201.872	1141.504	1254.923
1237.544	1352.792	921.984	1170.773
1440.600	1418.648	850.640	1236.629
1569.568	1454.320	1026.256	1350.048
1018.024	1561.336	1061.928	1213.763
1273.216	1218.336	908.264	1133.272
1103.088	1780.856	1026.256	1303.400
1380.232	1144.248	886.312	1136.931
1303.400	1402.184	1029.000	1244.861
1583.288	1114.064	1042.720	1246.691
1599.752	1179.920	1226.568	1335.413
1533.896	1020.768	1059.184	1204.616
1544.872	1481.760	1056.440	1361.024
1130.528	1284.192	1157.968	1190.896
1245.776	1155.224	1067.416	1156.139
1509.200	1314.376	1245.776	1356.451
1012.536	1912.568	834.176	1253.093
1248.520	1317.120	1067.416	1211.019
1366.512	2074.464	1138.760	1526.579
1407.672	1704.024	1111.320	1407.672
1311.632	1045.464	1116.808	1157.968
1503.712	1303.400	1048.208	1285.107
1361.024	1687.560	1138.760	1395.781
1465.296	1704.024	1319.864	1496.395
1157.968	1443.344	1500.968	1367.427
1251.264	1404.928	1125.040	1260.411
1278.704	1396.696	1190.896	1288.765
1177.176	1284.192	1256.752	1239.373
1396.696	1643.656	1457.064	1499.139
1358.280	1805.552	1404.928	1522.920
1188.152	1328.096	1064.672	1193.640
1325.352	1454.320	1108.576	1296.083
1188.152	1108.576	1212.848	1169.859
1264.984	1654.632	1248.520	1389.379
987.840	1736.952	1111.320	1278.704
1437.856	1879.640	1372.000	1563.165
1366.512	1994.888	1451.576	1604.325
1221.080	1001.560	902.776	1041.805
1495.480	1992.144	1116.808	1534.811
1775.368	1116.808	1125.040	1339.072
1413.160	1196.384	1190.896	1266.813
1407.672	1446.088	1284.192	1379.317
1484.504	1767.136	1045.464	1432.368
1632.680	2033.304	1119.552	1595.179
1487.248	1226.568	1012.536	1242.117
1237.544	1660.120	1361.024	1419.563
1229.312	1429.624	1029.000	1229.312
1245.776	1182.664	1056.440	1161.627
1566.824	1972.936	1190.896	1576.885
1393.952	1511.944	1575.056	1493.651
1498.224	1300.656	1050.952	1283.277
1838.480	1393.952	1163.456	1465.296
1555.848	1045.464	1284.192	1295.168
1223.824	1267.728	1207.360	1232.971
1597.008	1468.040	1111.320	1392.123
1500.968	1506.456	1366.512	1457.979
1479.016	1133.272	1229.312	1280.533
1122.296	1122.296	1149.736	1131.443
1564.080	1393.952	1152.480	1370.171
1778.112	1136.016	1286.936	1400.355
1314.376	1254.008	1256.752	1275.045
1679.328	1725.976	1286.936	1564.080
1591.520	1468.040	1163.456	1407.672
1712.256	1136.016	1193.640	1347.304
1841.224	1256.752	1070.160	1389.379
1465.296	1251.264	1157.968	1291.509
1352.792	2055.256	1152.480	1520.176
1270.472	1210.104	1385.720	1288.765
1498.224	1223.824	1130.528	1284.192
1259.496	1503.712	1245.776	1336.328
1289.680	1177.176	1240.288	1235.715
1127.784	2082.696	1443.344	1551.275
1223.824	1396.696	1350.048	1323.523
1778.112	1679.328	1484.504	1647.315
1347.304	1133.272	1734.208	1404.928
1190.896	1130.528	1377.488	1232.971
1396.696	1141.504	1388.464	1308.888
1725.976	985.096	1374.744	1361.939
1698.536	1372.000	1199.128	1423.221
1934.520	1020.768	1171.688	1375.659
1761.648	1402.184	1594.264	1586.032
1372.000	1229.312	1382.976	1328.096
1229.312	927.472	1632.680	1263.155
982.352	1270.472	1407.672	1220.165
1374.744	1196.384	1459.808	1343.645
1314.376	1457.064	1372.000	1381.147
1437.856	1695.792	1498.224	1543.957
1226.568	1907.080	1528.408	1554.019
1520.176	1100.344	1281.448	1300.656
1245.776	1064.672	1498.224	1269.557
1446.088	1171.688	1415.904	1344.560
1306.144	1267.728	1363.768	1312.547
1363.768	1130.528	1372.000	1288.765
1174.432	1457.064	1358.280	1329.925
1072.904	1273.216	1243.032	1196.384
1122.296	1193.640	1262.240	1192.725
1031.744	1322.608	1429.624	1261.325
1061.928	1399.440	1317.120	1259.496
900.032	1072.904	1286.936	1086.624
1042.720	1259.496	1308.888	1203.701
1072.904	1561.336	1125.040	1253.093
954.912	1317.120	1355.536	1209.189
960.400	1160.712	1780.856	1300.656
1229.312	1539.384	1514.688	1427.795
828.688	1133.272	1432.368	1131.443
1643.656	1297.912	1322.608	1421.392
1308.888	1067.416	1237.544	1204.616
823.200	1144.248	1177.176	1048.208
1037.232	1317.120	1424.136	1259.496
1171.688	1064.672	1511.944	1249.435
1308.888	1023.512	1303.400	1211.933
1638.168	1314.376	1212.848	1388.464
987.840	1136.016	1185.408	1103.088
1399.440	1212.848	1435.112	1349.133
1023.512	1067.416	1251.264	1114.064
1061.928	998.816	1240.288	1100.344
1199.128	1144.248	1339.072	1227.483
1075.648	1448.832	1196.384	1240.288
1248.520	1997.632	1094.856	1447.003
1522.920	2038.792	1454.320	1672.011
1144.248	1388.464	1341.816	1291.509
1111.320	1374.744	1627.192	1371.085
1264.984	1533.896	1421.392	1406.757
1366.512	1081.136	1125.040	1190.896
1352.792	1248.520	1558.592	1386.635
1094.856	963.144	1355.536	1137.845
1114.064	1715.000	1495.480	1441.515
1204.616	1399.440	1457.064	1353.707
1174.432	1426.880	1363.768	1321.693
1533.896	1185.408	1372.000	1363.768
1745.184	1201.872	1152.480	1366.512
1248.520	1511.944	1168.944	1309.803
1160.712	1495.480	1240.288	1298.827
1177.176	1196.384	1218.336	1197.299
1111.320	1668.352	1336.328	1372.000
1146.992	1657.376	1018.024	1274.131
1479.016	1808.296	1369.256	1552.189
1218.336	1215.592	1484.504	1306.144
1382.976	1816.528	1103.088	1434.197
1289.680	1860.432	1243.032	1464.381
1262.240	1284.192	1204.616	1250.349
1303.400	1182.664	1059.184	1181.749
1229.312	1399.440	1174.432	1267.728
1190.896	1457.064	1185.408	1277.789
1424.136	1105.832	1160.712	1230.227
1286.936	1141.504	1160.712	1196.384
1489.992	1133.272	1114.064	1245.776
1009.792	1179.920	1086.624	1092.112
1347.304	974.120	1081.136	1134.187
1196.384	913.752	1264.984	1125.040
957.656	1297.912	1511.944	1255.837
1193.640	1583.288	1229.312	1335.413
1215.592	1133.272	1086.624	1145.163
1045.464	1926.288	1097.600	1356.451
1133.272	1813.784	1026.256	1324.437
1300.656	1056.440	930.216	1095.771
1654.632	1086.624	1061.928	1267.728
1632.680	1561.336	1193.640	1462.552
1196.384	1130.528	1105.832	1144.248
1179.920	1240.288	1018.024	1146.077
1221.080	1119.552	1127.784	1156.139
1391.208	1171.688	1029.000	1197.299
1275.960	1245.776	878.080	1133.272
1089.368	1245.776	998.816	1111.320
968.632	1075.648	1160.712	1068.331
1007.048	985.096	1100.344	1030.829
1094.856	1078.392	911.008	1028.085
1155.224	1885.128	754.600	1264.984
1319.864	1750.672	1179.920	1416.819
1396.696	1152.480	1303.400	1284.192
1382.976	1525.664	1207.360	1372.000
1223.824	1045.464	1275.960	1181.749
1237.544	1119.552	1081.136	1146.077
1061.928	1029.000	949.424	1013.451
1229.312	1435.112	1026.256	1230.227
1234.800	1992.144	1138.760	1455.235
790.272	1050.952	847.896	896.373
1201.872	1275.960	1059.184	1179.005
987.840	1366.512	1273.216	1209.189
825.944	1190.896	1023.512	1013.451
1034.488	1643.656	1479.016	1385.720
1108.576	1042.720	1262.240	1137.845
1155.224	1319.864	1004.304	1159.797
1026.256	1166.200	998.816	1063.757
1382.976	1435.112	1053.696	1290.595
1366.512	1701.280	1094.856	1387.549
1179.920	1616.216	1089.368	1295.168
1248.520	1698.536	1171.688	1372.915
1404.928	2014.096	1059.184	1492.736
1495.480	1341.816	1223.824	1353.707
1292.424	1500.968	1295.168	1362.853
1207.360	1451.576	1374.744	1344.560
1832.992	968.632	1328.096	1376.573
1168.944	1114.064	1306.144	1196.384
1160.712	996.072	1182.664	1113.149
1179.920	1522.920	1136.016	1279.619
1146.992	1509.200	1234.800	1296.997
1029.000	1119.552	1149.736	1099.429
880.824	1311.632	1245.776	1146.077
1031.744	1281.448	1168.944	1160.712
1396.696	1064.672	1029.000	1163.456
1116.808	1108.576	1171.688	1132.357
1402.184	1174.432	1865.920	1480.845
1053.696	1081.136	1018.024	1050.952
1048.208	1232.056	1034.488	1104.917
1819.272	1188.152	831.432	1279.619
1204.616	1199.128	1240.288	1214.677
1130.528	1064.672	1141.504	1112.235
1377.488	1489.992	834.176	1233.885
1056.440	1750.672	1232.056	1346.389
1402.184	1125.040	856.128	1127.784
1004.304	1157.968	979.608	1047.293
1092.112	1451.576	927.472	1157.053
1426.880	1668.352	1185.408	1426.880
1136.016	1042.720	1070.160	1082.965
1034.488	1275.960	974.120	1094.856
1215.592	1100.344	891.800	1069.245
1125.040	1248.520	1037.232	1136.931
1352.792	1185.408	954.912	1164.371
1391.208	1127.784	1050.952	1189.981
1204.616	1039.976	1133.272	1125.955
1182.664	1429.624	1075.648	1229.312
1495.480	1130.528	1029.000	1218.336
1446.088	1487.248	790.272	1241.203
1638.168	1190.896	611.912	1146.992
1138.760	1437.856	875.336	1150.651
1369.256	1138.760	1034.488	1180.835
1407.672	1649.144	1319.864	1458.893
1267.728	1210.104	765.576	1081.136
1350.048	982.352	987.840	1106.747
1221.080	1026.256	886.312	1044.549
1190.896	1018.024	1138.760	1115.893
1481.760	1136.016	1133.272	1250.349
1758.904	1138.760	2003.120	1633.595
1635.424	1407.672	1045.464	1362.853
1432.368	1029.000	1199.128	1220.165
1388.464	1086.624	932.960	1136.016
1520.176	1023.512	853.384	1132.357
1520.176	1083.880	515.872	1039.976
1171.688	979.608	793.016	981.437
1704.024	976.864	732.648	1137.845
1248.520	911.008	1031.744	1063.757
1522.920	1012.536	935.704	1157.053
1682.072	1171.688	996.072	1283.277
1300.656	976.864	1119.552	1132.357
1536.640	891.800	976.864	1135.101
1745.184	1577.800	1086.624	1469.869
1267.728	1050.952	1193.640	1170.773
1350.048	886.312	1435.112	1223.824
1311.632	957.656	938.448	1069.245
1243.032	946.680	1259.496	1149.736
1413.160	998.816	1542.128	1318.035
1218.336	1539.384	1067.416	1275.045
1267.728	965.888	1050.952	1094.856
1544.872	1108.576	1160.712	1271.387
1572.312	1476.272	930.216	1326.267
1259.496	1039.976	927.472	1075.648
1607.984	1854.944	998.816	1487.248
1522.920	1009.792	1286.936	1273.216
1429.624	960.400	1210.104	1200.043
1457.064	1182.664	1001.560	1213.763
1424.136	941.192	1177.176	1180.835
1440.600	1410.416	1092.112	1314.376
1476.272	1188.152	1157.968	1274.131
1215.592	1059.184	1029.000	1101.259
1654.632	908.264	1306.144	1289.680
1533.896	1075.648	1086.624	1232.056
1701.280	1031.744	1130.528	1287.851
1789.088	1341.816	996.072	1375.659
1166.200	1100.344	1245.776	1170.773
1152.480	1018.024	1319.864	1163.456
1487.248	1254.008	1270.472	1337.243
1221.080	1031.744	872.592	1041.805
1533.896	1380.232	1086.624	1333.584
1232.056	1256.752	976.864	1155.224
1731.464	1182.664	949.424	1287.851
1544.872	1240.288	1160.712	1315.291
1616.216	1418.648	1155.224	1396.696
1201.872	1015.280	1026.256	1081.136
1473.528	1130.528	935.704	1179.920
1122.296	1201.872	831.432	1051.867
1594.264	1457.064	1089.368	1380.232
1597.008	943.936	1083.880	1208.275
1953.728	1094.856	1234.800	1427.795
1333.584	1662.864	1050.952	1349.133
1443.344	1531.152	1045.464	1339.987
1586.032	1531.152	1031.744	1382.976
1572.312	1207.360	1116.808	1298.827
1662.864	1838.480	1141.504	1547.616
1632.680	1212.848	1029.000	1291.509
2022.328	987.840	1039.976	1350.048
1415.904	1393.952	1067.416	1292.424
1586.032	1542.128	1171.688	1433.283
1865.920	1075.648	1004.304	1315.291
1542.128	1064.672	1196.384	1267.728
1160.712	1374.744	905.520	1146.992
1295.168	1415.904	1020.768	1243.947
1465.296	1048.208	1256.752	1256.752
1495.480	1308.888	941.192	1248.520
1607.984	1366.512	1001.560	1325.352
1517.432	985.096	1083.880	1195.469
1654.632	864.360	908.264	1142.419
1355.536	1018.024	963.144	1112.235
2066.232	1566.824	1048.208	1560.421
1588.776	1673.840	1495.480	1586.032
1352.792	1012.536	968.632	1111.320
1355.536	905.520	1108.576	1123.211
1629.936	1462.552	1816.528	1636.339
1404.928	1756.160	919.240	1360.109
1264.984	913.752	1295.168	1157.968
1418.648	1328.096	1322.608	1356.451
1314.376	1012.536	1201.872	1176.261
1531.152	2219.896	1039.976	1597.008
1146.992	1267.728	919.240	1111.320
1229.312	1536.640	1031.744	1265.899
1289.680	1072.904	1350.048	1237.544
1462.552	1174.432	1193.640	1276.875
1542.128	1640.912	1130.528	1437.856
1533.896	1177.176	1212.848	1307.973
1325.352	1503.712	1190.896	1339.987
1267.728	1377.488	1048.208	1231.141
1336.328	935.704	1199.128	1157.053
1144.248	1100.344	889.056	1044.549
1190.896	1533.896	987.840	1237.544
1078.392	1651.888	842.408	1190.896
1566.824	1050.952	1039.976	1219.251
1264.984	1034.488	1114.064	1137.845
1624.448	993.328	886.312	1168.029
1547.616	1495.480	1152.480	1398.525
1350.048	1114.064	1039.976	1168.029
1720.488	1097.600	1023.512	1280.533
1640.912	1259.496	998.816	1299.741
1706.768	1081.136	1114.064	1300.656
1300.656	1007.048	1289.680	1199.128
1440.600	993.328	1059.184	1164.371
1399.440	982.352	1196.384	1192.725
1558.592	1015.280	1429.624	1334.499
1479.016	1141.504	1380.232	1333.584
1841.224	938.448	1023.512	1267.728
1341.816	932.960	1215.592	1163.456
1319.864	1111.320	1237.544	1222.909
1144.248	1092.112	1070.160	1102.173
1553.104	1100.344	1308.888	1320.779
1185.408	1426.880	1196.384	1269.557
1092.112	1182.664	883.568	1052.781
1229.312	1163.456	1816.528	1403.099
1136.016	1317.120	1144.248	1199.128
1363.768	1108.576	998.816	1157.053
1207.360	1026.256	1243.032	1158.883
1034.488	1023.512	1070.160	1042.720
1728.720	1026.256	946.680	1233.885
1281.448	993.328	1034.488	1103.088
1199.128	1092.112	932.960	1074.733
1171.688	1322.608	938.448	1144.248
1616.216	1355.536	1289.680	1420.477
1262.240	1289.680	1369.256	1307.059
1402.184	1583.288	1314.376	1433.283
1300.656	1794.576	1144.248	1413.160
1330.840	1089.368	1275.960	1232.056
1550.360	1067.416	1039.976	1219.251
1843.968	2049.768	1372.000	1755.245
1212.848	1339.072	1388.464	1313.461
1651.888	1506.456	1116.808	1425.051
1347.304	1284.192	1511.944	1381.147
1275.960	1643.656	1168.944	1362.853
1366.512	1061.928	1009.792	1146.077
1344.560	1539.384	1083.880	1322.608
1506.456	1226.568	927.472	1220.165
1363.768	1009.792	1045.464	1139.675
1569.568	1728.720	1152.480	1483.589
1687.560	1415.904	897.288	1333.584
1618.960	1020.768	1339.072	1326.267
1572.312	1607.984	1591.520	1590.605
1270.472	1270.472	1204.616	1248.520
1352.792	1289.680	1484.504	1375.659
1157.968	1270.472	1374.744	1267.728
1152.480	932.960	1297.912	1127.784
1509.200	1070.160	1114.064	1231.141
1105.832	1149.736	1489.992	1248.520
1308.888	1111.320	1149.736	1189.981
1544.872	1023.512	1210.104	1259.496
1297.912	1234.800	941.192	1157.968
1050.952	1275.960	1254.008	1193.640
1125.040	1286.936	1284.192	1232.056
1303.400	1210.104	943.936	1152.480
1149.736	1174.432	1009.792	1111.320
1484.504	1127.784	1144.248	1252.179
1262.240	1358.280	1127.784	1249.435
1621.704	1141.504	1177.176	1313.461
1564.080	1179.920	1226.568	1323.523
1407.672	1061.928	1108.576	1192.725
1443.344	1429.624	1413.160	1428.709
1819.272	1007.048	1144.248	1323.523
1374.744	952.168	949.424	1092.112
1223.824	930.216	1281.448	1145.163
1503.712	1067.416	1179.920	1250.349
1377.488	1174.432	1179.920	1243.947
1136.016	1226.568	1361.024	1241.203
1259.496	1097.600	1435.112	1264.069
1369.256	1056.440	1418.648	1281.448
1295.168	941.192	1451.576	1229.312
1388.464	1182.664	1640.912	1404.013
1509.200	1234.800	1196.384	1313.461
1369.256	1286.936	1407.672	1354.621
1369.256	905.520	1248.520	1174.432
1207.360	963.144	1448.832	1206.445
1704.024	943.936	1119.552	1255.837
1245.776	872.592	1385.720	1168.029
1684.816	883.568	1237.544	1268.643
1684.816	875.336	1097.600	1219.251
1822.016	974.120	1479.016	1425.051
1654.632	889.056	1558.592	1367.427
1319.864	1429.624	1330.840	1360.109
1240.288	1078.392	1572.312	1296.997
1854.944	889.056	1256.752	1333.584
1522.920	864.360	1256.752	1214.677
1789.088	968.632	1218.336	1325.352
1157.968	998.816	1465.296	1207.360
1226.568	957.656	1138.760	1107.661
1245.776	1382.976	1256.752	1295.168
1731.464	957.656	1168.944	1286.021
1413.160	1347.304	1045.464	1268.643
1286.936	1009.792	1805.552	1367.427
1629.936	858.872	1369.256	1286.021
1561.336	1517.432	1396.696	1491.821
1210.104	784.784	1284.192	1093.027
1289.680	1627.192	1089.368	1335.413
1100.344	968.632	1396.696	1155.224
1618.960	919.240	1243.032	1260.411
1457.064	976.864	880.824	1104.917
1640.912	1363.768	1061.928	1355.536
1415.904	867.104	1042.720	1108.576
1215.592	930.216	1160.712	1102.173
1468.040	1306.144	1440.600	1404.928
1125.040	968.632	1226.568	1106.747
1125.040	919.240	1533.896	1192.725
1056.440	842.408	1470.784	1123.211
1382.976	847.896	1843.968	1358.280
1448.832	1717.744	1391.208	1519.261
1366.512	1094.856	1136.016	1199.128
1377.488	1108.576	1020.768	1168.944
1232.056	1981.168	1037.232	1416.819
1432.368	1018.024	1221.080	1223.824
1254.008	949.424	1034.488	1079.307
1761.648	1050.952	1155.224	1322.608
1328.096	1676.584	1281.448	1428.709
1286.936	1610.728	1081.136	1326.267
1127.784	1111.320	1920.800	1386.635
1240.288	1001.560	1470.784	1237.544
1262.240	1278.704	1163.456	1234.800
1284.192	1429.624	1056.440	1256.752
1550.360	1657.376	1188.152	1465.296
1336.328	1196.384	1273.216	1268.643
1509.200	1297.912	1045.464	1284.192
1484.504	919.240	1086.624	1163.456
1525.664	1756.160	1116.808	1466.211
1404.928	1018.024	1539.384	1320.779
1682.072	1248.520	1122.296	1350.963
1591.520	1863.176	1012.536	1489.077
1061.928	1709.512	924.728	1232.056
1264.984	1682.072	875.336	1274.131
1059.184	1023.512	993.328	1025.341
1415.904	1940.008	1031.744	1462.552
1459.808	1026.256	930.216	1138.760
1377.488	1745.184	1531.152	1551.275
1122.296	974.120	1075.648	1057.355
1811.040	1009.792	1094.856	1305.229
1503.712	1160.712	1536.640	1400.355
1333.584	1300.656	1168.944	1267.728
1193.640	1111.320	1215.592	1173.517
1300.656	1940.008	1616.216	1618.960
1613.472	1665.608	1336.328	1538.469
1300.656	1018.024	1188.152	1168.944
1311.632	1204.616	875.336	1130.528
1319.864	1221.080	1190.896	1243.947
1638.168	1163.456	1333.584	1378.403
1292.424	1229.312	1146.992	1222.909
1489.992	1196.384	1435.112	1373.829
1558.592	1627.192	971.376	1385.720
1734.208	2200.688	1207.360	1714.085
1816.528	1141.504	1037.232	1331.755
1558.592	1223.824	1053.696	1278.704
1146.992	1031.744	1234.800	1137.845
1822.016	1813.784	1876.896	1837.565
1325.352	1048.208	1500.968	1291.509
1229.312	2014.096	1251.264	1498.224
1476.272	1640.912	1451.576	1522.920
1588.776	2206.176	1311.632	1702.195
1210.104	1715.000	1489.992	1471.699
1111.320	1679.328	1218.336	1336.328
1179.920	1201.872	1171.688	1184.493
1168.944	1111.320	1212.848	1164.371
976.864	1097.600	1358.280	1144.248
1289.680	1086.624	1421.392	1265.899
1503.712	1646.400	1245.776	1465.296
1426.880	1136.016	1303.400	1288.765
1317.120	1204.616	1064.672	1195.469
1391.208	1050.952	1281.448	1241.203
1204.616	1086.624	1119.552	1136.931
1218.336	1254.008	1179.920	1217.421
1594.264	974.120	1361.024	1309.803
1500.968	1780.856	1278.704	1520.176
1385.720	965.888	1190.896	1180.835
1676.584	1026.256	1240.288	1314.376
1407.672	1303.400	971.376	1227.483
1569.568	1407.672	1967.448	1648.229
1594.264	1081.136	1544.872	1406.757
1218.336	919.240	1426.880	1188.152
1179.920	1841.224	1127.784	1382.976
1605.240	1114.064	1157.968	1292.424
1418.648	1860.432	1020.768	1433.283
1144.248	1048.208	1314.376	1168.944
1569.568	1015.280	1421.392	1335.413
1245.776	996.072	1303.400	1181.749
1160.712	1281.448	1097.600	1179.920
1226.568	1660.120	1262.240	1382.976
1100.344	1149.736	1640.912	1296.997
1245.776	1643.656	1385.720	1425.051
1064.672	1185.408	1303.400	1184.493
1300.656	1638.168	1517.432	1485.419
1207.360	1072.904	1275.960	1185.408
1627.192	1586.032	1196.384	1469.869
1358.280	2118.368	1193.640	1556.763
1432.368	1182.664	1388.464	1334.499
1470.784	1207.360	1358.280	1345.475
1171.688	1314.376	1550.360	1345.475
1531.152	1503.712	1196.384	1410.416
1564.080	1114.064	1388.464	1355.536
1240.288	1366.512	1319.864	1308.888
1229.312	1182.664	924.728	1112.235
1684.816	1086.624	1018.024	1263.155
1393.952	1555.848	1432.368	1460.723
1278.704	1215.592	1078.392	1190.896
1706.768	1377.488	1429.624	1504.627
1487.248	1125.040	1369.256	1327.181
1498.224	1059.184	1146.992	1234.800
1207.360	1446.088	1201.872	1285.107
1284.192	1130.528	1240.288	1218.336
1602.496	1185.408	1286.936	1358.280
1256.752	1166.200	1481.760	1301.571
1100.344	1094.856	1583.288	1259.496
1163.456	1067.416	1361.024	1197.299
1448.832	1152.480	1094.856	1232.056
1476.272	927.472	1476.272	1293.339
1075.648	1015.280	1155.224	1082.051
1067.416	1045.464	1237.544	1116.808
1188.152	1146.992	1558.592	1297.912
1007.048	1075.648	1610.728	1231.141
1569.568	878.080	1344.560	1264.069
1229.312	1506.456	1311.632	1349.133
2000.376	1105.832	1509.200	1538.469
1306.144	878.080	1613.472	1265.899
1404.928	1542.128	1146.992	1364.683
1473.528	963.144	1295.168	1243.947
1385.720	1492.736	1226.568	1368.341
1569.568	1352.792	1201.872	1374.744
979.608	957.656	1273.216	1070.160
1709.512	1451.576	1059.184	1406.757
1237.544	911.008	1262.240	1136.931
1824.760	1580.544	1454.320	1619.875
1264.984	1295.168	1597.008	1385.720
1492.736	1100.344	1311.632	1301.571
1937.264	1026.256	1468.040	1477.187
1374.744	1544.872	1012.536	1310.717
1284.192	1308.888	1081.136	1224.739
1561.336	1701.280	1498.224	1586.947
1199.128	1075.648	1297.912	1190.896
1470.784	1171.688	1273.216	1305.229
1380.232	1234.800	1561.336	1392.123
1177.176	1204.616	1550.360	1310.717
1341.816	1553.104	1418.648	1437.856
1072.904	1070.160	1473.528	1205.531
1621.704	1542.128	1168.944	1444.259
1086.624	1018.024	1451.576	1185.408
1481.760	1248.520	1407.672	1379.317
1849.456	1319.864	1193.640	1454.320
1594.264	1520.176	1673.840	1596.093
1457.064	1103.088	1487.248	1349.133
1484.504	1451.576	1347.304	1427.795
1500.968	1981.168	1553.104	1678.413
1382.976	1031.744	889.056	1101.259
1347.304	996.072	1218.336	1187.237
1243.032	1086.624	1446.088	1258.581
1267.728	1528.408	1286.936	1361.024
1264.984	1166.200	1075.648	1168.944
1108.576	1289.680	1566.824	1321.693
1256.752	1377.488	1484.504	1372.915
1352.792	1254.008	1295.168	1300.656
1237.544	1259.496	1597.008	1364.683
1297.912	1204.616	1201.872	1234.800
1550.360	1157.968	1256.752	1321.693
1243.032	1037.232	1355.536	1211.933
1125.040	2005.864	1196.384	1442.429
1114.064	1053.696	1026.256	1064.672
1289.680	1511.944	1188.152	1329.925
1388.464	1382.976	1179.920	1317.120
1429.624	1481.760	960.400	1290.595
1407.672	1039.976	1333.584	1260.411
1495.480	1273.216	1075.648	1281.448
1492.736	1764.392	968.632	1408.587
1731.464	1020.768	1437.856	1396.696
1720.488	1168.944	990.584	1293.339
1553.104	1577.800	1544.872	1558.592
1618.960	1232.056	1297.912	1382.976
1391.208	1221.080	1188.152	1266.813
1344.560	1078.392	1479.016	1300.656
1157.968	1083.880	1284.192	1175.347
1657.376	1717.744	1122.296	1499.139
1185.408	1061.928	957.656	1068.331
1333.584	1196.384	1251.264	1260.411
1550.360	902.776	1103.088	1185.408
1424.136	1528.408	1210.104	1387.549
1429.624	1138.760	1218.336	1262.240
1495.480	1174.432	1185.408	1285.107
1547.616	1344.560	1020.768	1304.315
1393.952	1136.016	1127.784	1219.251
1382.976	1009.792	1168.944	1187.237
1270.472	1303.400	1020.768	1198.213
1635.424	1229.312	1100.344	1321.693
1404.928	1303.400	1212.848	1307.059
1325.352	1177.176	1393.952	1298.827
1339.072	1201.872	1193.640	1244.861
1402.184	1138.760	1355.536	1298.827
1317.120	1352.792	1031.744	1233.885
1500.968	1086.624	1144.248	1243.947
1410.416	1388.464	1103.088	1300.656
1382.976	1050.952	1160.712	1198.213
1484.504	1048.208	993.328	1175.347
1566.824	1948.240	1204.616	1573.227
1797.320	985.096	856.128	1212.848
1591.520	869.848	1278.704	1246.691
1632.680	1020.768	1234.800	1296.083
1308.888	1103.088	1267.728	1226.568
1089.368	1229.312	1053.696	1124.125
1410.416	1182.664	1160.712	1251.264
1446.088	1300.656	1832.992	1526.579
1802.808	1163.456	1234.800	1400.355
1566.824	1210.104	1070.160	1282.363
1572.312	1347.304	1177.176	1365.597
1330.840	1064.672	1377.488	1257.667
1481.760	1676.584	1317.120	1491.821
1415.904	1083.880	1613.472	1371.085
1374.744	1157.968	1273.216	1268.643
1286.936	1210.104	1226.568	1241.203
1218.336	971.376	1023.512	1071.075
1163.456	1528.408	1627.192	1439.685
1116.808	1229.312	1284.192	1210.104
1306.144	1078.392	1347.304	1243.947
1292.424	1042.720	1341.816	1225.653
1166.200	1583.288	1207.360	1318.949
1374.744	1009.792	1498.224	1294.253
1275.960	1229.312	1339.072	1281.448
1457.064	1185.408	1385.720	1342.731
1413.160	1775.368	1292.424	1493.651
1503.712	1399.440	1690.304	1531.152
1404.928	1577.800	1739.696	1574.141
1500.968	1223.824	1506.456	1410.416
1528.408	1857.688	1243.032	1543.043
1339.072	1273.216	1185.408	1265.899
1303.400	1201.872	1339.072	1281.448
1479.016	1185.408	1083.880	1249.435
1421.392	1226.568	1402.184	1350.048
1374.744	1426.880	1487.248	1429.624
1470.784	1336.328	1325.352	1377.488
1544.872	1500.968	1805.552	1617.131
1649.144	1237.544	1297.912	1394.867
1698.536	1479.016	1437.856	1538.469
1407.672	1262.240	1300.656	1323.523
1149.736	1580.544	1369.256	1366.512
1517.432	1157.968	1056.440	1243.947
1369.256	1166.200	1166.200	1233.885
1495.480	1179.920	1136.016	1270.472
1319.864	1533.896	1311.632	1388.464
1188.152	1676.584	1333.584	1399.440
1404.928	1232.056	1092.112	1243.032
1525.664	1643.656	1097.600	1422.307
1144.248	1835.736	1114.064	1364.683
1226.568	1215.592	1004.304	1148.821
1207.360	1572.312	941.192	1240.288
1725.976	1286.936	1026.256	1346.389
960.400	1583.288	1119.552	1221.080
1695.792	1396.696	1182.664	1425.051
1281.448	1435.112	1130.528	1282.363
1199.128	1210.104	1138.760	1182.664
1577.800	1783.600	1067.416	1476.272
1511.944	1418.648	1086.624	1339.072
1479.016	1981.168	1045.464	1501.883
1489.992	1226.568	1682.072	1466.211
1223.824	1259.496	1067.416	1183.579
1555.848	1363.768	943.936	1287.851
1492.736	1212.848	1292.424	1332.669
1160.712	1196.384	1289.680	1215.592
1215.592	1457.064	1251.264	1307.973
1602.496	1262.240	1199.128	1354.621
1221.080	1177.176	1254.008	1217.421
1300.656	1210.104	943.936	1151.565
1322.608	1767.136	1130.528	1406.757
1446.088	1350.048	1086.624	1294.253
1558.592	1350.048	1133.272	1347.304
1558.592	1328.096	957.656	1281.448
1764.392	1616.216	1103.088	1494.565
1278.704	1259.496	985.096	1174.432
1816.528	1138.760	1256.752	1404.013
1377.488	1303.400	1300.656	1327.181
1654.632	1739.696	1045.464	1479.931
1426.880	1418.648	1347.304	1397.611
1687.560	1232.056	1086.624	1335.413
1045.464	1234.800	1295.168	1191.811
1489.992	1520.176	1152.480	1387.549
1640.912	1344.560	1015.280	1333.584
1421.392	1391.208	1243.032	1351.877
1860.432	2044.280	1232.056	1712.256
1476.272	1130.528	1336.328	1314.376
1391.208	1404.928	1429.624	1408.587
1410.416	1517.432	1451.576	1459.808
1473.528	1418.648	1105.832	1332.669
1075.648	1517.432	798.504	1130.528
1454.320	1525.664	1437.856	1472.613
1638.168	1794.576	1119.552	1517.432
1435.112	1435.112	1286.936	1385.720
1454.320	1742.440	1682.072	1626.277
1520.176	1643.656	1418.648	1527.493
1295.168	1802.808	1465.296	1521.091
1448.832	1424.136	1391.208	1421.392
1451.576	1448.832	1317.120	1405.843
1473.528	1363.768	1413.160	1416.819
1627.192	1105.832	1432.368	1388.464
1273.216	1382.976	1500.968	1385.720
1218.336	1926.288	1591.520	1578.715
1023.512	1275.960	1254.008	1184.493
1547.616	1330.840	1369.256	1415.904
1443.344	1347.304	1078.392	1289.680
1800.064	1278.704	1039.976	1372.915
1536.640	1745.184	1204.616	1495.480
1522.920	1314.376	1415.904	1417.733
1725.976	1275.960	1185.408	1395.781
1717.744	1797.320	985.096	1500.053
1687.560	1701.280	1347.304	1578.715
1898.848	1725.976	1232.056	1618.960
1418.648	1555.848	990.584	1321.693
1594.264	1852.200	1339.072	1595.179
1533.896	1317.120	1141.504	1330.840
1506.456	1311.632	1555.848	1457.979
1764.392	1311.632	1330.840	1468.955
1539.384	1446.088	1640.912	1542.128
1849.456	1462.552	1248.520	1520.176
1404.928	1448.832	1174.432	1342.731
1841.224	1426.880	1533.896	1600.667
1709.512	1676.584	1393.952	1593.349
1786.344	1959.216	1473.528	1739.696
1654.632	2151.296	1105.832	1637.253
1638.168	1871.408	1624.448	1711.341
1569.568	1811.040	1407.672	1596.093
1920.800	1750.672	1459.808	1710.427
1555.848	1649.144	1361.024	1522.005
1446.088	2250.080	1509.200	1735.123
1701.280	1715.000	1369.256	1595.179
1816.528	1514.688	1536.640	1622.619
1725.976	1698.536	1476.272	1633.595
1857.688	1720.488	1155.224	1577.800
1780.856	1885.128	1629.936	1765.307
1874.152	1495.480	1136.016	1501.883
1907.080	1410.416	1234.800	1517.432
1772.624	1528.408	1199.128	1500.053
1712.256	1868.664	1185.408	1588.776
1994.888	1654.632	1308.888	1652.803
1517.432	1262.240	1514.688	1431.453
1687.560	1125.040	1196.384	1336.328
1369.256	2261.056	1374.744	1668.352
1997.632	1635.424	1160.712	1597.923
1566.824	1468.040	1157.968	1397.611
1942.752	1712.256	1382.976	1679.328
1838.480	1942.752	1421.392	1734.208
1654.632	1907.080	1155.224	1572.312
2025.072	2392.768	1473.528	1963.789
1643.656	1489.992	889.056	1340.901
1506.456	1802.808	1468.040	1592.435
1879.640	1404.928	793.016	1359.195
1706.768	1783.600	1086.624	1525.664
1495.480	2104.648	1569.568	1723.232
1964.704	1446.088	1330.840	1580.544
1297.912	1520.176	578.984	1132.357
1865.920	1314.376	1199.128	1459.808
1706.768	1920.800	1361.024	1662.864
1953.728	1413.160	979.608	1448.832
1564.080	1297.912	913.752	1258.581
1811.040	1259.496		
1591.520	1929.032	760.088	1426.880
1841.224	1369.256	845.152	1351.877
1300.656	1382.976	1588.776	1424.136
1402.184	1226.568	1141.504	1256.752
1388.464	1517.432	502.152	1136.016
1308.888	1366.512	1662.864	1446.088
1775.368	1632.680	1146.992	1518.347
1616.216	1695.792	1157.968	1489.992
1240.288	1374.744	1407.672	1340.901
1865.920	1643.656		
1352.792	1182.664	990.584	1175.347
1720.488	1215.592	1029.000	1321.693
1882.384	1311.632	1127.784	1440.600
1388.464	1857.688	1168.944	1471.699
1690.304	1432.368	1215.592	1446.088
1679.328	1306.144	1959.216	1648.229
1484.504	1588.776	927.472	1333.584
1764.392	1278.704	1081.136	1374.744
1245.776	1646.400	1319.864	1404.013
1262.240	1459.808	1421.392	1381.147
1783.600	1385.720	1388.464	1519.261
1303.400	1372.000	1193.640	1289.680
1731.464	1473.528	1306.144	1503.712
1382.976	1887.872	1171.688	1480.845
1448.832	1459.808	916.496	1275.045
1300.656	1454.320	982.352	1245.776
1300.656	1629.936	842.408	1257.667
1635.424	1284.192	1341.816	1420.477
1772.624	1794.576	1168.944	1578.715
1597.008	1511.944	1122.296	1410.416
1597.008	1594.264	1141.504	1444.259
1747.928	1418.648	1506.456	1557.677
1564.080	1522.920	1547.616	1544.872
1605.240	1347.304	1503.712	1485.419
1662.864	1720.488	1072.904	1485.419
1533.896	1761.648	1314.376	1536.640
1569.568	1528.408	1500.968	1532.981
1306.144	1440.600	1166.200	1304.315
1248.520	1432.368	1029.000	1236.629
1528.408	1341.816	957.656	1275.960
1772.624	1846.712	976.864	1532.067
1854.944	1218.336	1144.248	1405.843
1668.352	1465.296	1168.944	1434.197
1816.528	1306.144	932.960	1351.877
1553.104	1341.816	1196.384	1363.768
1904.336	1388.464	1031.744	1441.515
1865.920	1325.352	1306.144	1499.139
1830.248	1254.008	1583.288	1555.848
1764.392	1190.896	1361.024	1438.771
1841.224	1322.608	1094.856	1419.563
1695.792	1207.360	1613.472	1505.541
1961.960	1747.928	653.072	1454.320
1347.304	1555.848	847.896	1250.349
1704.024	1388.464	1026.256	1372.915
1668.352	1366.512	957.656	1330.840
1901.592	1484.504	1012.536	1466.211
1940.008	1245.776	1127.784	1437.856
1448.832	1404.928	1103.088	1318.949
1819.272	1868.664	946.680	1544.872
1500.968	1248.520	1059.184	1269.557
1531.152	1328.096	1199.128	1352.792
1177.176	1591.520	979.608	1249.435
1374.744	1761.648	1092.112	1409.501
1248.520	1605.240	1333.584	1395.781
1306.144	1509.200	1366.512	1393.952
1629.936	1385.720	1089.368	1368.341
1679.328	1794.576	875.336	1449.747
1366.512	2121.112	1086.624	1524.749
1811.040	1275.960	902.776	1329.925
1621.704	1747.928	856.128	1408.587
1907.080	1210.104	875.336	1330.840
1270.472	1564.080	1336.328	1390.293
1904.336	1402.184	1640.912	1649.144
1876.896	1311.632	1059.184	1415.904
1440.600	1673.840	1089.368	1401.269
1876.896	1569.568	1155.224	1533.896
2033.304	1300.656	1075.648	1469.869
1336.328	1347.304	982.352	1221.995
1333.584	1160.712	1018.024	1170.773
1426.880	1286.936	1289.680	1334.499
1577.800	1072.904	1152.480	1267.728
1561.336	1352.792	905.520	1273.216
1308.888	1229.312	1072.904	1203.701
1344.560	1429.624	1111.320	1295.168
1407.672	1270.472	1018.024	1232.056
1330.840	1275.960	1457.064	1354.621
1772.624	1171.688	757.344	1233.885
1594.264	1432.368	880.824	1302.485
1728.720	1863.176	1385.720	1659.205
1451.576	1275.960	1393.952	1373.829
1789.088	1339.072	1023.512	1383.891
1643.656	1339.072	1081.136	1354.621
1284.192	1528.408	1045.464	1286.021
1457.064	1588.776	1229.312	1425.051
1616.216	1264.984	1023.512	1301.571
1835.736	1168.944	957.656	1320.779
1736.952	1369.256	1146.992	1417.733
1629.936	1511.944	987.840	1376.573
1827.504	1476.272	540.568	1281.448
1319.864	1146.992	1199.128	1221.995
1160.712	1193.640	1190.896	1181.749
1561.336	1484.504	518.616	1188.152
1495.480	1761.648	1018.024	1425.051
1278.704	1432.368	941.192	1217.421
1193.640	1300.656	982.352	1158.883
1468.040	1410.416	1256.752	1378.403
1668.352	1264.984	1174.432	1369.256
1629.936	1404.928	1248.520	1427.795
1278.704	1739.696	1138.760	1385.720
1687.560	1385.720	1125.040	1399.440
1742.440	1824.760	1544.872	1704.024
1599.752	1553.104	1451.576	1534.811
1904.336	1234.800	1418.648	1519.261
1259.496	1764.392	1168.944	1397.611
1286.936	1621.704	1050.952	1319.864
1635.424	1794.576	1317.120	1582.373
1352.792	1333.584	1108.576	1264.984
1199.128	1679.328	1264.984	1381.147
1067.416	1638.168	1284.192	1329.925
1396.696	1967.448	1100.344	1488.163
1649.144	1229.312	1308.888	1395.781
1295.168	1133.272	1050.952	1159.797
1577.800	1234.800	1061.928	1291.509
1284.192	1591.520	1303.400	1393.037
1695.792	1243.032	1226.568	1388.464
1322.608	1380.232	1300.656	1334.499
1064.672	1907.080	1171.688	1381.147
1223.824	1506.456	1166.200	1298.827
1756.160	1382.976	1188.152	1442.429
1152.480	1764.392	1234.800	1383.891
1399.440	1432.368	532.336	1121.381
1454.320	1372.000	1190.896	1339.072
1275.960	1256.752	622.888	1051.867
1385.720	1542.128	1050.952	1326.267
1492.736	1704.024	990.584	1395.781
1116.808	2186.968	998.816	1434.197
1451.576	1813.784	1067.416	1444.259
1673.840	1492.736	1149.736	1438.771
1114.064	1887.872	1177.176	1393.037
1618.960	2112.880	1061.928	1597.923
1264.984	1934.520	850.640	1350.048
1421.392	1671.096		
1127.784	1311.632	1188.152	1209.189
1854.944	1352.792		
1424.136	1607.984	1048.208	1360.109
1465.296	1254.008	1031.744	1250.349
1994.888	1758.904	499.408	1417.733
1506.456	1605.240	1322.608	1478.101
1599.752	1245.776	1182.664	1342.731
1470.784	1426.880	669.536	1189.067
1262.240	1572.312	990.584	1275.045
1319.864	1201.872	1215.592	1245.776
1660.120	1262.240	1473.528	1465.296
1204.616	1160.712	850.640	1071.989
1355.536	1039.976	1256.752	1217.421
1199.128	1221.080	768.320	1062.843
1221.080	1333.584	1207.360	1254.008
1232.056	1830.248	1141.504	1401.269
1643.656	1317.120	504.896	1155.224
1097.600	1797.320		
1479.016	1083.880		
1188.152	1179.920	1640.912	1336.328
1240.288	1146.992	952.168	1113.149
1004.304	1190.896	1333.584	1176.261
1484.504	1698.536	825.944	1336.328
1286.936	1654.632	924.728	1288.765
1520.176	1223.824	524.104	1089.368
1437.856	1306.144		
1435.112	1627.192		
1756.160	1204.616	946.680	1302.485
1468.040	1470.784	954.912	1297.912
1671.096	1223.824	1443.344	1446.088
1366.512	1550.360	1136.016	1350.963
1089.368	1237.544	1050.952	1125.955
1725.976	1284.192	946.680	1318.949
1871.408	1393.952	620.144	1295.168
1382.976	1767.136	1009.792	1386.635
1832.992	1388.464	1451.576	1557.677
1528.408	1816.528	1042.720	1462.552
1127.784	1794.576	1292.424	1404.928
1854.944	1212.848	1251.264	1439.685
1146.992	1372.000	1045.464	1188.152
1613.472	1177.176	1393.952	1394.867
2005.864	1599.752	1679.328	1761.648
1863.176	1380.232	1075.648	1439.685
1739.696	1723.232	1067.416	1510.115
2082.696	1915.312	957.656	1651.888
1317.120	1212.848	965.888	1165.285
1822.016	1550.360	1185.408	1519.261
2049.768	1248.520	1171.688	1489.992
2041.536	1380.232	1399.440	1607.069
1882.384	1547.616	1278.704	1569.568
1558.592	1300.656	1133.272	1330.840
1454.320	1243.032	1429.624	1375.659
1926.288	1157.968	502.152	1195.469
2088.184	1860.432		
1841.224	1270.472	974.120	1361.939
2003.120	1479.016	1163.456	1548.531
1221.080	1572.312		
1435.112	1133.272	858.872	1142.419
2598.568	1720.488	1119.552	1812.869
1761.648	1382.976	878.080	1340.901
2058.000	1303.400	1317.120	1559.507
1934.520	1418.648	639.352	1330.840
2019.584	1432.368	576.240	1342.731
1813.784	1369.256	1473.528	1552.189
1874.152	1393.952	515.872	1261.325
1854.944	1500.968	1152.480	1502.797
1470.784	1542.128	1308.888	1440.600
1448.832	1569.568		
1520.176	1610.728	600.936	1243.947
1544.872	1948.240	927.472	1473.528
1254.008	1843.968	551.544	1216.507
1786.344	1223.824		
1470.784	1498.224	639.352	1202.787
1602.496	1950.984	878.080	1477.187
1396.696	1923.544		
1413.160	1731.464	513.128	1219.251
1616.216	1824.760	611.912	1350.963
1259.496	2016.840	1193.640	1489.992
1857.688	1690.304	606.424	1384.805
1723.232	2379.048	776.552	1626.277
1295.168	2112.880	831.432	1413.160
1256.752	1783.600	1275.960	1438.771
2036.048	2313.192	636.608	1661.949
1715.000	2027.816	845.152	1529.323
1311.632	1791.832	702.464	1268.643
1843.968	1553.104		
1459.808	1511.944		
1050.952	1709.512	938.448	1232.971
1336.328	2115.624	683.256	1378.403
2005.864	1607.984	636.608	1416.819
1602.496	2222.640	1116.808	1647.315
1627.192	2181.480		
1961.960	1989.400	1012.536	1654.632
1805.552	2206.176	521.360	1511.029
1459.808	2280.264	672.280	1470.784
1808.296	2148.552	631.120	1529.323
1983.912	1805.552	768.320	1519.261
1827.504	1772.624	979.608	1526.579
1528.408	2302.216	1007.048	1612.557
2170.504	2003.120	546.056	1573.227
1986.656	1802.808	1207.360	1665.608
2167.760	2612.288	1122.296	1967.448
1358.280	2099.160	1221.080	1559.507
1550.360	1712.256	740.880	1334.499
1561.336	1835.736	878.080	1425.051
1695.792	2165.016	1306.144	1722.317
1791.832	1923.544	1012.536	1575.971
1742.440	2019.584	1254.008	1672.011
1547.616	1660.120	1045.464	1417.733
1811.040	2186.968	831.432	1609.813
1879.640	1712.256	1435.112	1675.669
1668.352	2165.016	856.128	1563.165
1599.752	1734.208		
1704.024	1651.888	1083.880	1479.931
1684.816	2302.216	1018.024	1668.352
2115.624	2082.696	1125.040	1774.453
1731.464	1753.416	1254.008	1579.629
1539.384	1816.528	1160.712	1505.541
1533.896	1871.408	521.360	1308.888
1690.304	2003.120	1105.832	1599.752
1811.040	1918.056	1575.056	1768.051
1651.888	1822.016	1155.224	1543.043
1580.544	1838.480	1105.832	1508.285
1885.128	2230.872	713.440	1609.813
2074.464	1934.520	1243.032	1750.672
1607.984	2266.544		
1813.784	2178.736	1492.736	1828.419
1761.648	2450.392	1607.984	1940.008
1983.912	2486.064	1391.208	1953.728
1588.776	2096.416	1007.048	1564.080
2274.776	1769.880	809.480	1618.045
1929.032	1874.152	1111.320	1638.168
1756.160	2036.048	1355.536	1715.915
1489.992	1734.208	557.032	1260.411
1558.592	2145.808	1155.224	1619.875
1698.536	1868.664	757.344	1441.515
1588.776	2214.408	784.784	1529.323
1830.248	1725.976	801.248	1452.491
1421.392	1890.616	1317.120	1543.043
1544.872	2038.792	875.336	1486.333
1704.024	1660.120	521.360	1295.168
2178.736	1640.912	546.056	1455.235
1629.936	2101.904		
1210.104	2203.432	1001.560	1471.699
1885.128	2324.168		
1440.600	1813.784	1306.144	1520.176
1300.656	1994.888	1127.784	1474.443
1709.512	2025.072	1270.472	1668.352
1599.752	2107.392	1278.704	1661.949
1687.560	1909.824		
1857.688	2123.856	1325.352	1768.965
1599.752	1662.864	1256.752	1506.456
1959.216	1876.896	1536.640	1790.917
1811.040	1429.624	1479.016	1573.227
1841.224	1687.560	1555.848	1694.877
1459.808	2011.352	1410.416	1627.192
1599.752	1753.416	1468.040	1607.069
1704.024	1739.696	1232.056	1558.592
2518.992	1994.888	686.000	1733.293
1632.680	2055.256	842.408	1510.115
1791.832	1704.024	1245.776	1580.544
1613.472	2085.440	1457.064	1718.659
1605.240	2255.568	1402.184	1754.331
1887.872	2101.904	1816.528	1935.435
1816.528	1698.536	1341.816	1618.960
1712.256	1846.712	1569.568	1709.512
1800.064	2115.624	1193.640	1703.109
1731.464	2584.848	1709.512	2008.608
1753.416	2049.768	1970.192	1924.459
1893.360	2099.160	1352.792	1781.771
1646.400	1978.424	1465.296	1696.707
1761.648	1267.728	1254.008	1427.795
1901.592	2019.584	1103.088	1674.755
1874.152	1849.456	1607.984	1777.197
1967.448	1758.904	1468.040	1731.464
1750.672	1901.592	1141.504	1597.923
1841.224	2159.528	839.664	1613.472
1802.808	1690.304	1020.768	1504.627
1618.960	2214.408	1322.608	1718.659
1407.672	1926.288	998.816	1444.259
1695.792	2096.416	1676.584	1822.931
1838.480	2291.240	1385.720	1838.480
1643.656	1811.040	1742.440	1732.379
1687.560	2011.352	1232.056	1643.656
1709.512	1778.112	1668.352	1718.659
1695.792	2033.304	1163.456	1630.851
1322.608	1912.568	1605.240	1613.472
1407.672	2208.920	1687.560	1768.051
1860.432	1915.312	1103.088	1626.277
1811.040	1221.080	1295.168	1442.429
2008.608	1797.320	1682.072	1829.333
1747.928	1366.512	1852.200	1655.547
1786.344	1715.000	1004.304	1501.883
1358.280	2063.488	504.896	1308.888
1822.016	1876.896	867.104	1522.005
2192.456	2529.968	1103.088	1941.837
1736.952	2132.088	1597.008	1822.016
1404.928	2025.072	1083.880	1504.627
1495.480	2587.592	1284.192	1789.088
1668.352	1882.384	1166.200	1572.312
1665.608	2005.864	1446.088	1705.853
1503.712	1756.160	1533.896	1597.923
1366.512	2291.240	1322.608	1660.120
1333.584	2318.680	499.408	1383.891
1920.800	2192.456	1520.176	1877.811
2055.256	1956.472	1440.600	1817.443
1827.504	2464.112	897.288	1729.635
1769.880	2129.344	1602.496	1833.907
1533.896	2036.048	658.560	1409.501
1125.040	2178.736	1086.624	1463.467
1599.752	1849.456	562.520	1337.243
1764.392	1769.880	1284.192	1606.155
1297.912	1500.968	1029.000	1275.960
1772.624	1953.728	891.800	1539.384
1761.648	1564.080	1879.640	1735.123
1248.520	1706.768	963.144	1306.144
1772.624	2203.432	1081.136	1685.731
1731.464	1800.064	1616.216	1715.915
1832.992	2406.488		
1687.560	2047.024	499.408	1411.331
1572.312	1805.552	1070.160	1482.675
1144.248	2269.288	515.872	1309.803
1940.008	1953.728	1037.232	1643.656
1374.744	1959.216	1536.640	1623.533
1950.984	1745.184	919.240	1538.469
1243.032	1607.984	974.120	1275.045
1569.568	1992.144	938.448	1500.053
2068.976	1684.816	1174.432	1642.741
1865.920	1695.792	1138.760	1566.824
1363.768	1717.744	636.608	1239.373
1223.824	1679.328	1089.368	1330.840
1465.296	1871.408	1089.368	1475.357
1624.448	1885.128	1146.992	1552.189
1525.664	1684.816	1094.856	1435.112
1863.176	1725.976	946.680	1511.944
1421.392	1780.856	1059.184	1420.477
1591.520	1289.680	1352.792	1411.331
1226.568	1651.888	1289.680	1389.379
1229.312	1827.504	1179.920	1412.245
1470.784	1863.176	1303.400	1545.787
1138.760	1629.936	1045.464	1271.387
1204.616	1424.136	1094.856	1241.203
1638.168	1547.616	916.496	1367.427
1624.448	1462.552	1607.984	1564.995
1789.088	1479.016	1136.016	1468.040
1317.120	1204.616	1097.600	1206.445
1687.560	1948.240	1629.936	1755.245
1635.424	1704.024	1190.896	1510.115
1500.968	1144.248	1039.976	1228.397
1479.016	1199.128	1426.880	1368.341
1300.656	1599.752	1358.280	1419.563
1366.512	1199.128	1166.200	1243.947
1624.448	1297.912	1739.696	1554.019
1476.272	1558.592	1413.160	1482.675
1673.840	1311.632	1314.376	1433.283
1204.616	1204.616	1146.992	1185.408
1311.632	1575.056	1237.544	1374.744
1347.304	1772.624	1026.256	1382.061
1152.480	1564.080	1188.152	1301.571
1421.392	1363.768	650.328	1145.163
1413.160	1940.008	661.304	1338.157
1204.616	1514.688	883.568	1200.957
1695.792	1857.688	1682.072	1745.184
1369.256	1635.424	543.312	1182.664
1223.824	1597.008	713.440	1178.091
1201.872	1882.384	1204.616	1429.624
1267.728	2019.584	1119.552	1468.955
1539.384	1772.624	1234.800	1515.603
1333.584	1610.728	1196.384	1380.232
1739.696	1849.456	1138.760	1575.971
1303.400	1750.672	1352.792	1468.955
1207.360	1646.400	1720.488	1524.749
1715.000	1830.248	683.256	1409.501
1723.232	1440.600	1476.272	1546.701
1136.016	1511.944	1254.008	1300.656
1588.776	1544.872	1852.200	1661.949
1638.168	1451.576	1415.904	1501.883
1212.848	1687.560	1311.632	1404.013
1130.528	2027.816	1226.568	1461.637
1264.984	1553.104	1643.656	1487.248
1544.872	1602.496	1350.048	1499.139
1075.648	1912.568	1221.080	1403.099
1322.608	1816.528	1388.464	1509.200
1306.144	1742.440	1072.904	1373.829
1366.512	1764.392	1339.072	1489.992
1160.712	2060.744	653.072	1291.509
1388.464	1934.520	1004.304	1442.429
1624.448	1800.064	987.840	1470.784
1580.544	1503.712	968.632	1350.963
1651.888	1640.912	1366.512	1553.104
1185.408	1907.080	790.272	1294.253
1300.656	1819.272		
1136.016	1929.032	938.448	1334.499
1196.384	1624.448	1489.992	1436.941
1344.560	1909.824	1037.232	1430.539
1155.224	1994.888	1007.048	1385.720
1561.336	1555.848	1300.656	1472.613
1544.872	1374.744	1050.952	1323.523
1278.704	1446.088	1605.240	1443.344
1424.136	1580.544	1108.576	1371.085
954.912	1569.568	537.824	1020.768
1945.496	1662.864	1344.560	1650.973
1728.720	1624.448	617.400	1323.523
1157.968	1849.456		
1322.608	1967.448	650.328	1313.461
1465.296	2123.856	620.144	1403.099
1182.664	1712.256	749.112	1214.677
1136.016	1690.304	1819.272	1548.531
1188.152	1981.168	1072.904	1414.075
1558.592	1890.616	1385.720	1611.643
1492.736	1849.456	1157.968	1500.053
1920.800	1978.424	1201.872	1700.365
1479.016	1704.024	1199.128	1460.723
1660.120	2033.304	589.960	1427.795
1160.712	1731.464	1402.184	1431.453
1152.480	1468.040	1177.176	1265.899
1292.424	1435.112	1270.472	1332.669
1218.336	1772.624	1070.160	1353.707
1553.104	1492.736	1498.224	1514.688
1479.016	1665.608	1517.432	1554.019
1479.016	1454.320	1440.600	1457.979
1404.928	1706.768	1610.728	1574.141
1149.736	1811.040	1555.848	1505.541
1372.000	1511.944	1618.960	1500.968
1649.144	1286.936	1174.432	1370.171
1300.656	1822.016	1177.176	1433.283
1317.120	1607.984	1492.736	1472.613
1185.408	1723.232	1451.576	1453.405
1599.752	1671.096	1794.576	1688.475
1097.600	1742.440	1026.256	1288.765
1956.472	1684.816	1160.712	1600.667
1292.424	2036.048	1599.752	1642.741
1399.440	1758.904	1374.744	1511.029
1146.992	2200.688	661.304	1336.328
1575.056	1673.840	584.472	1277.789
1251.264	1865.920	658.560	1258.581
1602.496	2008.608	1934.520	1848.541
1201.872	1942.752	1221.080	1455.235
1654.632	1915.312	1053.696	1541.213
1937.264	1295.168	1509.200	1580.544
1561.336	1459.808	713.440	1244.861
1468.040	1558.592	1350.048	1458.893
1278.704	1564.080	1053.696	1298.827
1468.040	1687.560	790.272	1315.291
1251.264	1473.528	1421.392	1382.061
1144.248	1805.552	1413.160	1454.320
1522.920	1429.624	1868.664	1607.069
1344.560	1816.528	1690.304	1617.131
1489.992	1643.656	1402.184	1511.944
1053.696	1942.752	1256.752	1417.733
1341.816	1662.864	1380.232	1461.637
1234.800	1317.120	1243.032	1264.984
1201.872	1435.112	1314.376	1317.120
1237.544	1791.832	1018.024	1349.133
1190.896	1882.384	1201.872	1425.051
1734.208	1852.200	1264.984	1617.131
1053.696	1511.944	1281.448	1282.363
1525.664	1621.704	2019.584	1722.317
1479.016	1487.248	1155.224	1373.829
1424.136	1937.264	1103.088	1488.163
1314.376	1643.656	1190.896	1382.976
1314.376	1155.224	1462.552	1310.717
1157.968	1956.472	1709.512	1607.984
1262.240	1684.816	1660.120	1535.725
1070.160	1325.352	1248.520	1214.677
1114.064	1717.744	1635.424	1489.077
1056.440	1561.336	1531.152	1382.976
1201.872	1673.840	1539.384	1471.699
1031.744	1078.392	1300.656	1136.931
1166.200	1967.448	1232.056	1455.235
1122.296	1525.664	1029.000	1225.653
1086.624	1586.032	878.080	1183.579
1188.152	1591.520	1462.552	1414.075
1251.264	1926.288	985.096	1387.549
1536.640	1457.064	952.168	1315.291
1179.920	1330.840	1146.992	1219.251
1676.584	1616.216	1336.328	1543.043
1026.256	1709.512	1319.864	1351.877
1350.048	1459.808	1105.832	1305.229
1355.536	1758.904	911.008	1341.816
875.336	1580.544	1059.184	1171.688
1500.968	1967.448	965.888	1478.101
1684.816	1487.248	1144.248	1438.771
1248.520	1479.016	1015.280	1247.605
1717.744	1734.208	1061.928	1504.627
1245.776	1701.280	1103.088	1350.048
1407.672	1492.736	1083.880	1328.096
1254.008	1649.144	1015.280	1306.144
1061.928	1764.392	1053.696	1293.339
1078.392	1443.344	976.864	1166.200
996.072	1970.192	803.992	1256.752
1525.664	1769.880	891.800	1395.781
1232.056	1569.568	806.736	1202.787
1435.112	1498.224	1750.672	1561.336
1125.040	1418.648	1089.368	1211.019
1251.264	1424.136	952.168	1209.189
850.640	1827.504	1284.192	1320.779
1284.192	1292.424	1037.232	1204.616
1701.280	1909.824	990.584	1533.896
1240.288	1704.024	853.384	1265.899
1023.512	1786.344	1382.976	1397.611
1108.576	1429.624	1155.224	1231.141
1050.952	1237.544	1237.544	1175.347
1160.712	1440.600	1050.952	1217.421
927.472	1473.528	1286.936	1229.312
1133.272	1306.144	1199.128	1212.848
1061.928	1514.688	1034.488	1203.701
1319.864	1607.984	1056.440	1328.096
1182.664	1616.216	1341.816	1380.232
1380.232	1575.056	1240.288	1398.525
1347.304	1671.096	949.424	1322.608
1879.640	1665.608	1358.280	1634.509
1116.808	1805.552	1649.144	1523.835
1116.808	1731.464	1254.008	1367.427
1141.504	1566.824	1136.016	1281.448
1207.360	1586.032	1023.512	1272.301
1125.040	1372.000	1141.504	1212.848
979.608	1509.200	1248.520	1245.776
1007.048	1583.288	1196.384	1262.240
1056.440	1569.568	1443.344	1356.451
1325.352	1583.288	1435.112	1447.917
1646.400	1613.472	1243.032	1500.968
1168.944	1177.176	1045.464	1130.528
1251.264	1830.248	1341.816	1474.443
1322.608	1136.016	946.680	1135.101
982.352	1443.344	1185.408	1203.701
1094.856	1372.000	1001.560	1156.139
1325.352	1336.328	1078.392	1246.691
1111.320	1262.240	1136.016	1169.859
1470.784	1382.976	1168.944	1340.901
1328.096	1111.320	1177.176	1205.531
1347.304	1525.664	1070.160	1314.376
1662.864	1577.800	1336.328	1525.664
1130.528	1415.904	1070.160	1205.531
1684.816	1646.400	1097.600	1476.272
1575.056	1116.808	1374.744	1355.536
1569.568	1226.568	1193.640	1329.925
1059.184	1575.056	1166.200	1266.813
954.912	1070.160	1114.064	1046.379
1116.808	968.632	1190.896	1092.112
1374.744	1056.440	1168.944	1200.043
938.448	1498.224	1275.960	1237.544
1119.552	1739.696	1163.456	1340.901
1215.592	1454.320	1421.392	1363.768
1347.304	1509.200	1218.336	1358.280
831.432	1479.016	1344.560	1218.336
1050.952	1580.544	1273.216	1301.571
1468.040	1462.552	1012.536	1314.376
1136.016	1492.736	1138.760	1255.837
1199.128	1361.024	1064.672	1208.275
1347.304	1679.328	1207.360	1411.331
1056.440	1660.120	2036.048	1584.203
1358.280	1610.728	1572.312	1513.773
1361.024	1992.144	1193.640	1515.603
1237.544	1607.984	1358.280	1401.269
1204.616	1385.720	1267.728	1286.021
905.520	1835.736	1185.408	1308.888
1281.448	1157.968	1094.856	1178.091
1446.088	1468.040	1308.888	1407.672
1045.464	1256.752	1407.672	1236.629
1377.488	1547.616	1234.800	1386.635
1155.224	1468.040	1067.416	1230.227
1190.896	1163.456	1171.688	1175.347
1125.040	1800.064	1045.464	1323.523
886.312	1687.560	1443.344	1339.072
1215.592	1750.672	1171.688	1379.317
1204.616	1528.408	987.840	1240.288
1372.000	1489.992	1297.912	1386.635
1339.072	1358.280	1555.848	1417.733
1155.224	1372.000	1377.488	1301.571
1292.424	1330.840	1308.888	1310.717
1042.720	1426.880	1185.408	1218.336
1204.616	1767.136	1363.768	1445.173
1199.128	1437.856	1278.704	1305.229
1281.448	1388.464	1018.024	1229.312
1174.432	1802.808	1171.688	1382.976
1160.712	1369.256	1018.024	1182.664
1185.408	1435.112	1281.448	1300.656
1344.560	1802.808	1830.248	1659.205
1174.432	1772.624	1221.080	1389.379
1679.328	1177.176	1489.992	1448.832
1201.872	1517.432	1100.344	1273.216
1196.384	1399.440	1204.616	1266.813
1226.568	1544.872	1531.152	1434.197
1372.000	1468.040	1155.224	1331.755
1616.216	1330.840	1199.128	1382.061
1163.456	1157.968	1448.832	1256.752
1347.304	1355.536	1555.848	1419.563
1440.600	1402.184	1218.336	1353.707
1278.704	1267.728	1130.528	1225.653
1824.760	1874.152	1341.816	1680.243
1569.568	1476.272	1133.272	1393.037
1457.064	1358.280	1308.888	1374.744
1459.808	1410.416	1240.288	1370.171
1086.624	1728.720	1245.776	1353.707
1177.176	1413.160	1487.248	1359.195
1311.632	1473.528	1215.592	1333.584
1489.992	1687.560	1045.464	1407.672
1539.384	1410.416	1207.360	1385.720
1413.160	1627.192	1168.944	1403.099
1421.392	1223.824	1399.440	1348.219
1511.944	1212.848	1322.608	1349.133
1361.024	1007.048	1223.824	1197.299
1245.776	1300.656	1284.192	1276.875
1303.400	1064.672	1330.840	1232.971
1275.960	1413.160	1341.816	1343.645
1736.952	1267.728	1232.056	1412.245
1226.568	1034.488	919.240	1060.099
1262.240	1045.464	1201.872	1169.859
1237.544	1278.704	1495.480	1337.243
1566.824	1780.856	1385.720	1577.800
1558.592	1542.128	1311.632	1470.784
1440.600	1731.464	1361.024	1511.029
1863.176	1388.464	1317.120	1522.920
1649.144	1994.888	1155.224	1599.752
1742.440	1643.656	1240.288	1542.128
1627.192	1267.728	1780.856	1558.592
1185.408	1572.312	1256.752	1338.157
1278.704	1380.232	1525.664	1394.867
1506.456	1495.480	1031.744	1344.560
1640.912	1193.640	1204.616	1346.389
1566.824	1108.576	987.840	1221.080
1489.992	1575.056	1303.400	1456.149
1484.504	1618.960	1682.072	1595.179
1426.880	1061.928	1382.976	1290.595
1004.304	1487.248	1039.976	1177.176
1243.032	1325.352	1396.696	1321.693
1476.272	993.328	1295.168	1254.923
1344.560	1300.656	1350.048	1331.755
1103.088	1437.856	1138.760	1226.568
1489.992	793.016	913.752	1065.587
1514.688		1330.840	
1171.688	1435.112	1130.528	1245.776
1591.520	1029.000	1413.160	1344.560
1418.648	1163.456	908.264	1163.456
1391.208	1495.480	1539.384	1475.357
1684.816	1333.584	1363.768	1460.723
1827.504	1262.240	1023.512	1371.085
1876.896	1426.880	1223.824	1509.200
1221.080	1555.848	1281.448	1352.792
1341.816	842.408	1643.656	1275.960
1597.008	1500.968	968.632	1355.536
1539.384	1498.224	1248.520	1428.709
1281.448	1857.688	1141.504	1426.880
1075.648	1292.424	1756.160	1374.744
1319.864	1284.192	1031.744	1211.933
1259.496	1553.104	1144.248	1318.949
1210.104	1204.616	1627.192	1347.304
1234.800	1372.000	1344.560	1317.120
1083.880	1245.776	1358.280	1229.312
1081.136	1599.752	985.096	1221.995
1481.760	1399.440	1237.544	1372.915
1297.912	1577.800	1262.240	1379.317
1591.520	1185.408	1221.080	1332.669
1226.568	1575.056	1640.912	1480.845
1138.760	1086.624	1086.624	1104.003
1286.936	1396.696	1193.640	1292.424
1635.424	1432.368	1207.360	1425.051
1429.624	1679.328	1185.408	1431.453
1341.816	1432.368	1303.400	1359.195
1248.520	1226.568	1448.832	1307.973
1918.056	1127.784	1317.120	1454.320
1168.944	1520.176	990.584	1226.568
1347.304	1682.072	1182.664	1404.013
1127.784	1377.488	1465.296	1323.523
1347.304	1111.320	1083.880	1180.835
1385.720	1575.056	1160.712	1373.829
1094.856	1429.624	1119.552	1214.677
1284.192	1341.816	1026.256	1217.421
1446.088	1396.696	1190.896	1344.560
974.120	1223.824	1136.016	1111.320
932.960	1772.624	1256.752	1320.779
1163.456	1325.352	1111.320	1200.043
946.680	1218.336	1212.848	1125.955
1188.152	1226.568	1100.344	1171.688
1396.696	1586.032	1125.040	1369.256
1262.240	1462.552	1081.136	1268.643
1352.792	1805.552	1207.360	1455.235
1627.192	1542.128	1105.832	1425.051
1177.176	1561.336	1070.160	1269.557
1588.776	1531.152	1045.464	1388.464
1522.920	1668.352	1064.672	1418.648
1284.192	1317.120	1081.136	1227.483
1240.288	1843.968	1223.824	1436.027
1380.232	1742.440	1037.232	1386.635
1248.520	1372.000	1369.256	1329.925
930.216	1391.208	1111.320	1144.248
1333.584	1489.992	1029.000	1284.192
1127.784	1605.240	1270.472	1334.499
1160.712	1402.184	1146.992	1236.629
1325.352	1635.424	1566.824	1509.200
1248.520	1432.368	1223.824	1301.571
1775.368	1413.160	1215.592	1468.040
1303.400	1479.016	1125.040	1302.485
1432.368	1651.888	1243.032	1442.429
1448.832	1654.632	2008.608	1704.024
1509.200	1607.984	1492.736	1536.640
993.328	1358.280	1020.768	1124.125
1284.192	1687.560	1286.936	1419.563
1597.008	1660.120	965.888	1407.672
1130.528	1728.720	1072.904	1310.717
1624.448	1687.560	1295.168	1535.725
1704.024	1621.704	1146.992	1490.907
1380.232	1929.032	1152.480	1487.248
1125.040	1843.968	1037.232	1335.413
1388.464	1816.528	982.352	1395.781
1177.176	1687.560	1160.712	1341.816
1827.504	1668.352	1369.256	1621.704
1347.304	1607.984	1539.384	1498.224
1701.280	1704.024	1015.280	1473.528
1174.432	1341.816	1308.888	1275.045
1528.408	1270.472	1092.112	1296.997
1632.680	1457.064	1064.672	1384.805
1358.280	1613.472	1358.280	1443.344
1629.936	1511.944	1078.392	1406.757
1295.168	1396.696	1212.848	1301.571
1248.520	1495.480	1171.688	1305.229
1391.208	1613.472	1286.936	1430.539
875.336	1520.176	974.120	1123.211
1481.760	1624.448	1226.568	1444.259
1517.432	1437.856	1177.176	1377.488
1745.184	1761.648	1179.920	1562.251
1322.608	1575.056	1061.928	1319.864
1319.864	1701.280	1103.088	1374.744
1053.696	1564.080	1001.560	1206.445
1385.720	1402.184	1105.832	1297.912
1429.624	1429.624	1086.624	1315.291
1613.472	1577.800	1424.136	1538.469
1251.264	1780.856	1023.512	1351.877
1199.128	1621.704	1149.736	1323.523
1402.184	1607.984	1111.320	1373.829
1610.728	1489.992	1289.680	1463.467
1215.592	1629.936	1012.536	1286.021
1218.336	1462.552	1053.696	1244.861
1097.600	1660.120	1009.792	1255.837
1136.016	1594.264	1210.104	1313.461
1100.344	1325.352	1300.656	1242.117
1119.552	1317.120	1322.608	1253.093
1119.552	1314.376	1237.544	1223.824
1234.800	1539.384	1256.752	1343.645
1029.000	1588.776	1237.544	1285.107
1221.080	1319.864	1174.432	1238.459
1108.576	1599.752	1083.880	1264.069
1393.952	1075.648	1525.664	1331.755
1155.224	1286.936	1221.080	1221.080
1157.968	1525.664	1083.880	1255.837
1418.648	1182.664	1229.312	1276.875
1553.104	1289.680	1426.880	1423.221
1591.520	1136.016	1207.360	1311.632
1693.048	1476.272	1292.424	1487.248
1679.328	1528.408	1339.072	1515.603
1322.608	1336.328	965.888	1208.275
1561.336	1262.240	1114.064	1312.547
1638.168	1489.992	1232.056	1453.405
1226.568	1204.616	1103.088	1178.091
1484.504	1262.240	1174.432	1307.059
1682.072	1399.440	1330.840	1470.784
1286.936	1569.568	1602.496	1486.333
1179.920	1056.440	1355.536	1197.299
1377.488	1339.072	1050.952	1255.837
1651.888	1418.648	1580.544	1550.360
1487.248	1575.056	1204.616	1422.307
1300.656	1586.032	1915.312	1600.667
1709.512	1330.840	1155.224	1398.525
1503.712	1536.640	1489.992	1510.115
1668.352	1336.328	1264.984	1423.221
1533.896	1325.352	1141.504	1333.584
1736.952	1665.608	1415.904	1606.155
1607.984	1575.056	1317.120	1500.053
1023.512	1451.576	1245.776	1240.288
1029.000	1177.176	1690.304	1298.827
1336.328	1616.216	864.360	1272.301
1355.536	1489.992	1426.880	1424.136
1602.496	1640.912	1874.152	1705.853
1248.520	1459.808	1122.296	1276.875
1103.088	1350.048	1089.368	1180.835
1116.808	1575.056	1212.848	1301.571
1372.000	1358.280	1333.584	1354.621
1100.344	1232.056	1322.608	1218.336
1270.472	1212.848	1157.968	1213.763
1141.504	1037.232	1306.144	1161.627
1284.192	1643.656	1083.880	1337.243
1251.264	1462.552	1278.704	1330.840
1039.976	1492.736	1045.464	1192.725
1179.920	1286.936	1039.976	1168.944
1426.880	1747.928	1212.848	1462.552
1553.104	1684.816	993.328	1410.416
1149.736	1761.648	1133.272	1348.219
1446.088	1377.488	1270.472	1364.683
1221.080	1385.720	1023.512	1210.104
1185.408	1857.688	902.776	1315.291
1498.224	1355.536	1116.808	1323.523
1566.824	1511.944	1446.088	1508.285
1448.832	1676.584	1662.864	1596.093
1199.128	1849.456	1575.056	1541.213
1193.640	1363.768	1311.632	1289.680
1232.056	1473.528	847.896	1184.493
1138.760	1539.384	982.352	1220.165
1160.712	1791.832	987.840	1313.461
1223.824	1448.832	1196.384	1289.680
1514.688	1339.072	1064.672	1306.144
1588.776	1561.336	1284.192	1478.101
1218.336	1212.848	1007.048	1146.077
1262.240	1094.856	1322.608	1226.568
1404.928	971.376	1281.448	1219.251
1284.192	1300.656	1171.688	1252.179
1234.800	1522.920	1775.368	1511.029
1330.840	1267.728	1361.024	1319.864
1259.496	1103.088	1190.896	1184.493
1363.768	1413.160	1064.672	1280.533
1396.696	1385.720	1210.104	1330.840
1635.424	1470.784	1097.600	1401.269
1229.312	1097.600	1303.400	1210.104
2022.328	1039.976	1388.464	1483.589
1245.776	968.632	1306.144	1173.517
1638.168	957.656	1160.712	1252.179
1039.976	1388.464	1256.752	1228.397
1380.232	1196.384	1007.048	1194.555
1520.176	1045.464	1210.104	1258.581
1629.936	1388.464	1333.584	1450.661
1399.440	1103.088	1149.736	1217.421
1418.648	1514.688	1566.824	1500.053
1347.304	1078.392	1363.768	1263.155
1569.568	740.880	1221.080	1177.176
1341.816	1081.136	949.424	1124.125
1432.368	1023.512	1026.256	1160.712
1251.264	1404.928	1182.664	1279.619
1300.656	1393.952	954.912	1216.507
1262.240	1119.552	1240.288	1207.360
1391.208	1286.936	1119.552	1265.899
1105.832	971.376	1308.888	1128.699
1199.128	1212.848	1125.040	1179.005
1308.888	1289.680	1070.160	1222.909
1004.304	1344.560	1089.368	1146.077
1130.528	1138.760	1018.024	1095.771
1174.432	1059.184	1300.656	1178.091
1627.192	1443.344	1223.824	1431.453
1075.648	1193.640	1177.176	1148.821
1827.504	965.888	1119.552	1304.315
1819.272	924.728	1237.544	1327.181
1125.040	1067.416	1067.416	1086.624
1399.440	946.680	1100.344	1148.821
1553.104	1756.160	1037.232	1448.832
1487.248	1459.808	1018.024	1321.693
1325.352	965.888	1160.712	1150.651
1355.536	1064.672	1050.952	1157.053
1580.544	1050.952	1001.560	1211.019
1520.176	1308.888	1245.776	1358.280
1421.392	1223.824	1399.440	1348.219
878.080	1007.048	1314.376	1066.501
1404.928	1053.696	1275.960	1244.861
1281.448	1048.208	1278.704	1202.787
1251.264	957.656	1009.792	1072.904
1613.472	905.520	1638.168	1385.720
1662.864	1207.360	1012.536	1294.253
1108.576	1396.696	1174.432	1226.568
1232.056	1141.504	1105.832	1159.797
1446.088	1275.960	1339.072	1353.707
1492.736	864.360	1166.200	1174.432
1786.344	1212.848	1188.152	1395.781
1127.784	1031.744	1484.504	1214.677
1168.944	1330.840	1031.744	1177.176
1089.368	1133.272	1078.392	1100.344
1358.280	1097.600	1048.208	1168.029
1594.264	1385.720	1037.232	1339.072
1226.568	1511.944	1092.112	1276.875
1232.056	1487.248	1229.312	1316.205
1479.016	932.960	1380.232	1264.069
1391.208	1361.024	1432.368	1394.867
1344.560	949.424	1119.552	1137.845
1489.992	1328.096	1511.944	1443.344
1226.568	1495.480	1388.464	1370.171
1443.344	1487.248	1240.288	1390.293
1484.504	1498.224	1377.488	1453.405
1358.280	1415.904	1218.336	1330.840
1418.648	1476.272	1325.352	1406.757
1731.464	1426.880	1086.624	1414.989
1918.056	902.776	1536.640	1452.491
1676.584	1544.872	1039.976	1420.477
1528.408	1210.104	1322.608	1353.707
1723.232	1583.288	1207.360	1504.627
1048.208	1152.480	1023.512	1074.733
1262.240	1108.576	982.352	1117.723
1053.696	1489.992	1248.520	1264.069
1059.184	1029.000	1089.368	1059.184
1018.024	1451.576	960.400	1143.333
1056.440	1487.248	1682.072	1408.587
1050.952	1583.288	1350.048	1328.096
1314.376	1415.904	1454.320	1394.867
1267.728	985.096	913.752	1055.525
1061.928	1459.808	1311.632	1277.789
1668.352	1399.440	1039.976	1369.256
1146.992	1489.992	1284.192	1307.059
982.352	1599.752	1251.264	1277.789
1160.712	1286.936	982.352	1143.333
1286.936	902.776	1072.904	1087.539
1758.904	1218.336	943.936	1307.059
1289.680	1514.688	1372.000	1392.123
1308.888	1138.760	1039.976	1162.541
1130.528	1391.208	1229.312	1250.349
1182.664	1454.320	1223.824	1286.936
957.656	1920.800	1503.712	1460.723
1300.656	1402.184	1160.712	1287.851
836.920	1937.264	1199.128	1324.437
1070.160	1572.312	1333.584	1325.352
1221.080	1344.560	1207.360	1257.667
1182.664	1934.520	1160.712	1425.965
1039.976	1605.240	1067.416	1237.544
1454.320	1372.000	1267.728	1364.683
1157.968	1470.784	1264.984	1297.912
795.760	1992.144	1256.752	1348.219
1511.944	1339.072	1687.560	1512.859
1369.256	1522.920	1292.424	1394.867
1684.816	1402.184	1179.920	1422.307
1363.768	1240.288	1144.248	1249.435
1424.136	1322.608	1256.752	1334.499
1221.080	1857.688	1311.632	1463.467
1177.176	1660.120	1358.280	1398.525
1366.512	1407.672	1086.624	1286.936
1673.840	1734.208	1157.968	1522.005
1468.040	1539.384	1212.848	1406.757
1292.424	1627.192	1366.512	1428.709
1811.040	1654.632	1248.520	1571.397
1245.776	1885.128	1651.888	1594.264
1336.328	1673.840	1424.136	1478.101
1111.320	1547.616	1328.096	1329.011
1882.384	1542.128	1212.848	1545.787
1536.640	1586.032	1366.512	1496.395
1237.544	1709.512	1284.192	1410.416
1199.128	1550.360	1361.024	1370.171
1089.368	1443.344	1300.656	1277.789
976.864	1385.720	1339.072	1233.885
1254.008	1314.376	1396.696	1321.693
1295.168	1572.312	1432.368	1433.283
1218.336	1629.936	1232.056	1360.109
1451.576	1506.456	1317.120	1425.051
1157.968	1594.264	1514.688	1422.307
1462.552	1717.744	1234.800	1471.699
1292.424	1627.192	1053.696	1324.437
1289.680	1415.904	1794.576	1500.053
1319.864	1698.536	1141.504	1386.635
1317.120	1533.896	1190.896	1347.304
1281.448	1473.528	1207.360	1320.779
1204.616	1243.032	1070.160	1172.603
1210.104	1330.840	1564.080	1368.341
1190.896	1750.672	1226.568	1389.379
1739.696	1564.080	1311.632	1538.469
1396.696	1273.216	1127.784	1265.899
1462.552	1454.320	1270.472	1395.781
1116.808	1369.256	1196.384	1227.483
1407.672	1426.880	1668.352	1500.968
1168.944	1671.096	1432.368	1424.136
1819.272	1369.256	1341.816	1510.115
1100.344	1369.256	1270.472	1246.691
1048.208	1138.760	1251.264	1146.077
1267.728	1215.592	1281.448	1254.923
1500.968	1926.288	1152.480	1526.579
1429.624	1275.960	2027.816	1577.800
1426.880	1580.544	1303.400	1436.941
1341.816	1528.408	1072.904	1314.376
1333.584	1734.208	1042.720	1370.171
963.144	2030.560	1100.344	1364.683
1100.344	1303.400	1146.992	1183.579
1350.048	1780.856	1221.080	1450.661
1229.312	1465.296	1278.704	1324.437
1292.424	1575.056	1319.864	1395.781
1262.240	1330.840	1432.368	1341.816
1243.032	1657.376	1536.640	1479.016
1948.240	1517.432	1207.360	1557.677
1580.544	1363.768	1413.160	1452.491
1061.928	1775.368	1819.272	1552.189
1701.280	1624.448	1286.936	1537.555
1597.008	1898.848	1531.152	1675.669
1385.720	1539.384	1621.704	1515.603
1188.152	1443.344	1407.672	1346.389
1185.408	2008.608	1492.736	1562.251
1528.408	1171.688	1393.952	1364.683
1358.280	1511.944	1330.840	1400.355
1133.272	1767.136	1553.104	1484.504
1251.264	1846.712	1544.872	1547.616
1108.576	1295.168	1791.832	1398.525
1424.136	1832.992	1149.736	1468.955
1657.376	1347.304	1591.520	1532.067
1322.608	1317.120	1739.696	1459.808
921.984	1286.936	1226.568	1145.163
998.816	1182.664	1325.352	1168.944
1388.464	1116.808	1199.128	1234.800
1264.984	1489.992	1103.088	1286.021
1322.608	1643.656	1185.408	1383.891
1440.600	1887.872	1193.640	1507.371
1495.480	1635.424	1166.200	1432.368
1229.312	1295.168	1210.104	1244.861
1240.288	1048.208	1621.704	1303.400
960.400	1410.416	1042.720	1137.845
1119.552	1520.176	1185.408	1275.045
1245.776	1668.352	1163.456	1359.195
1270.472	1517.432	1339.072	1375.659
1229.312	1783.600	1489.992	1500.968
1415.904	1605.240	1193.640	1404.928
1201.872	1660.120	1149.736	1337.243
1506.456	1210.104	1177.176	1297.912
1171.688	1525.664	1256.752	1318.035
1662.864	1767.136	1404.928	1611.643
1182.664	1827.504	1232.056	1414.075
1300.656	1772.624	1481.760	1518.347
1363.768	2052.512	1034.488	1483.589
1363.768	1863.176	1031.744	1419.563
1223.824	1440.600	1330.840	1331.755
1223.824	1188.152	1133.272	1181.749
1015.280	1569.568	1544.872	1376.573
1196.384	1204.616	1306.144	1235.715
1849.456	1168.944	1196.384	1404.928
1616.216	1682.072	1319.864	1539.384
1377.488	1665.608	1234.800	1425.965
1292.424	1591.520	1127.784	1337.243
1465.296	1882.384	1292.424	1546.701
1712.256	1846.712	1037.232	1532.067
1435.112	1479.016	1237.544	1383.891
1388.464	1522.920	1835.736	1582.373
1064.672	1591.520	1116.808	1257.667
1103.088	1671.096	1289.680	1354.621
1457.064	1854.944	1355.536	1555.848
1086.624	1525.664	1322.608	1311.632
1218.336	1635.424	1297.912	1383.891
1372.000	1616.216	1300.656	1429.624
1157.968	1586.032	1210.104	1318.035
985.096	1404.928	1166.200	1185.408
1319.864	1432.368	1229.312	1327.181
1358.280	1758.904	1056.440	1391.208
1270.472	1459.808	1418.648	1382.976
1152.480	1328.096	1311.632	1264.069
762.832	1201.872	1597.008	1187.237
985.096	1152.480	1347.304	1161.627
1468.040	965.888	1745.184	1393.037
1319.864	1607.984	1267.728	1398.525
1081.136	1468.040	1215.592	1254.923
1092.112	1432.368	1369.256	1297.912
1089.368	1097.600	1561.336	1249.435
1125.040	1624.448	1308.888	1352.792
1089.368	1415.904	1366.512	1290.595
1193.640	1536.640	1248.520	1326.267
1157.968	1668.352	1089.368	1305.229
1009.792	1443.344	1127.784	1193.640
1473.528	1767.136	1426.880	1555.848
696.976	1950.984	1264.984	1304.315
