Longitude	Latitude	DBO_t/ano	dbo01	dbo02	dbo03	dbo04	dbo05	dbo06	dbo07	dbo08	dbo09	dbo10	dbo11	dbo12	Setor_Industrial	Municipio	Metros	Número de Indústrias
-51.277	-28.924	0.9968840827	65.94	31.45	11101.80	12085.67	12085.67	70.61	14.96	21.04	25.23	22.32	28.49	97.05	Alimentos	Antônio Prado	56	2
-51.951	-29.415	0.9121815136	113.04	71.24	300.89	300.89	550.86	138.37	124.13	47.24	130.67	24.64	226.42	236.9	Alimentos	Arroio do Meio	75	1
-51.647	-29.085	1.2933430746	125.69	52.26	199.90	199.9	212.89	135.36	21.62	30.51	78.58	32.21	13.6	183.38	Alimentos	Bento Gonçalves	39	2
-50.706	-28.795	0.244334334	6.03	5.61	6.39	10.14	17.54	6.05	3.95	4.35	4.55	4.41	5.07	6.29	Alimentos	Bom Jesus	139	1
-51.311	-29.087	2.3130316952	293.41	142.74	380.21	380.21	522.88	309.45	39.88	55.36	103.89	58.15	31.11	369.32	Alimentos	Caxias do Sul	41	2
-51.976	-29.537	0.1954674672	64.77	56.91	39.78	86.4	86.4	60.86	18.95	28.05	39.78	36.59	21.42	23.59	Alimentos	Cruzeiro do Sul	124	1
-51.884	-29.21	5.1179898495	343.38	107.87	656.92	656.92	656.92	376.87	73.92	109.58	132.38	116.84	93.59	474.85	Alimentos	Encantado	38	2
-51.684	-29.212	5.9519843762	233.16	2876.42	811.93	3237.48	6468.49	230.01	24.92	2191.32	130.8	2104.54	1982.5	236	Alimentos	Garibaldi	41	2
-51.945	-29.459	5.1668567163	537.84	226.06	823.57	397.8	953.11	577.39	82.12	117.93	274.7	124.65	41.53	764.44	Alimentos	Lajeado	39	2
-51.38	-29.065	0.2280453784	55.46	68.25	17.78	74.76	13.93	48.63	8.17	41.73	9.76	37.59	24.88	22.91	Alimentos	Farroupilha	49	1
-51.681	-29.657	0.2606232896	49.13	66.97	18.84	93.06	93.06	43.59	14.78	38.47	12.13	35.18	38.7	28.16	Alimentos	Montenegro	75	1
-51.643	-29.417	0.2508499162	10.59	25.16	20.84	62.66	62.66	9.20	7.76	5.49	1961.6	7.81	37.08	16.06	Alimentos	Salvador do Sul	65	1
-52.254	-29.593	1.5539663642	196.89	54.18	362.16	212.55	625.41	198.52	59.65	75.01	235.54	118.08	128.2	311.02	Alimentos	Santa Cruz do Sul	58	1
-51.977	-29.668	0.2932012008	47.75	31.26	53.95	53.95	79.77	48.43	11.49	23.53	31.88	27.55	20.03	53.33	Alimentos	Venâncio Aires	140	1
-51.78	-29.462	2.8017003632	689.97	256.59	1010.21	1010.21	1150.11	694.73	372.51	97.19	536.51	196.19	502.53	962.11	Alimentos	Westfália	97	1
-51.528	-29.066	2.30	626.00	328.50	579.52	189.82	725.47	635.64	23.14	272.7	293.96	349.18	53.18	644.82	Bebidas	Bento Gonçalves	49	5
-51.115	-29.030	0.17	21.80	6.61	47.42	17.02	78.17	25.18	6.61	9.49	30.72	15.19	11.95	40.79	Bebidas	Caxias do Sul	46	2
-51.313	-29.075	0.81	103.28	50.91	133.45	41.77	184.68	108.85	15.28	20.71	37.73	21.69	12.21	130.82	Bebidas	Flores da Cunha	38	4
-51.692	-29.205	0.59	24.69	284.15	81.50	319.59	636.75	24.38	4.25	216.9	14.64	208.38	196.4	24.97	Bebidas	Garibaldi	47	3
-51.941	-29.458	1.34	140.98	60.11	215.09	104.66	248.68	151.23	22.78	32.07	72.73	33.81	12.25	199.75	Bebidas	Lajeado	36	1
-51.361	-29.061	0.04	9.53	4.33	14.00	4.15	20.26	10.42	2.74	4.91	8.86	6.54	3.45	13.45	Bebidas	Nova Pádua	49	1
-51.508	-29.081	0.08	23.79	13.40	22.17	8.56	27.26	24.13	2.74	11.45	12.20	14.12	3.79	24.45	Bebidas	Pinto Bandeira	53	1
-51.622	-29.014	0.09	13.41	7.93	16.54	7.24	22.36	13.98	3.51	4.13	6.34	4.24	3.45	16.12	Bebidas	Veranópolis	44	1
-51.946	-29.426	7.363956462	766.18	321.54	1173.68	566.47	1358.43	822.58	116.26	167.34	390.91	176.92	58.38	1089.35	Couros	Arroio do Meio	36	1
-51.683	-29.092	1.299521729	126.39	52.54	201.01	115.68	214.08	136.11	21.73	30.67	79.01	32.38	13.67	184.41	Couros	Bento Gonçalves	41	1
-51.101	-29.037	1.949282593	236.99	56.65	540.99	180.18	905.88	680.38	56.67	90.93	342.87	158.53	120.1	462.34	Couros	Caxias do Sul	46	2
-51.863	-29.25	2.858947803	313.71	421.11	125.73	409.92	334.86	288.64	62.05	119.67	77.79	76.09	302.13	169.03	Couros	Encantado	58	1
-51.388	-29.065	93.52224706	22095.59	27380.3	6524.19	30072.94	4933.81	19273.93	2553.51	16421.28	3208.79	14708.93	9456.19	8643.87	Couros	Farroupilha	46	3
-51.248	-28.95	0.303221737	50.9	43.91	51.05	64.78	76.38	51.38	20.93	25.28	33.9	28.41	30.7	51.15	Couros	Flores da Cunha	588	1
-51.931	-29.431	29.1959215	3795.27	1588.16	5818.02	2803.95	6735.08	4075.24	569.17	822.7	1932.49	870.27	281.84	5399.4	Couros	Lajeado	36	2
-52.261	-28.49	17.97671724	5.92	5.43	6.43	7.7	10.11	5.97	3.28	3.77	4.3	3.91	4.89	6.27	Couros	Marau	40	1
-51.688	-29.658	7.623860807	1388.7	1913.67	497.43	2681.34	1363.34	1225.54	377.88	1075.11	300.04	978.31	1081.83	771.81	Couros	Montenegro	71	2
-51.836	-28.679	0.129952173	2.59	2.51	2.67	2.86	3.13	2.6	2.33	2.39	2.43	2.4	2.43	2.65	Couros	Nova Araçá	52	1
-51.848	-29.466	0.346539128	87.21	33.53	126.88	40.53	144.2	87.8	47.89	13.79	68.2	26.05	64	120.92	Couros	Teutônia	90	1
-51.529	-28.758	1.082934774	7.5	6.75	8.25	9.96	12.34	7.56	5.02	5.47	5.61	5.53	5.85	8.04	Couros	Nova Prata	41	1
-51.046	-28.853	0.011803517	2.11	3.09	2.11	2.12	2.16	2.11	2.04	2.06	2.07	2.06	2.09	2.11	Equipamentos de precisão	Caxias do Sul	66	3
-52.326	-29.566	0.005080779	2.46	2.12	2.85	2.49	3.46	2.46	2.14	2.17	2.55	2.27	2.3	2.73	Equipamentos de precisão	Santa Cruz do Sul	58	1
-52.272	-29.552	2.73	726.42	175.83	1201.28	193.01	831.92	845.15	436.68	2.17	654.85	148.18	422.54	1153.39	Fumo	Santa Cruz do Sul	62	6
-52.013	-29.637	2	494.31	65.46	536.36	197.64	911.09	286.92	62.1	97.42	337.12	163.36	130.42	460.99	Fumo	Venâncio Aires	48	7
-51.526	-29.068	0.0104017802	4.97	3.55	4.75	2.89	5.45	5.02	2.10	3.29	3.39	3.65	2.24	5.06	Gráfica	Bento Gonçalves	53	1
-51.047	-28.859	0.0225371905	2.21	2.2	2.23	2.24	2.33	2.22	2.08	2.11	2.14	2.12	2.18	2.22	Gráfica	Caxias do Sul	62	1
-51.842	-28.711	0.0830408788	2.79	2.73	2.84	2.9	3.22	2.79	2.29	2.42	2.54	2.45	2.65	2.82	Gráfica	Serafina Corrêa	92	1
-50.195	-28.839	1.865438084	28.27	25.33	31.01	70.14	85.79	28.46	14.78	18.07	20.18	18.69	21.60	30.3	Madeira	Cambará do Sul	172	1
-51.689	-29.206	0.060500695	4.41	31.98	10.45	35.74	69.44	4.38	2.24	24.83	3.34	23.93	22.66	4.44	Madeira	Garibaldi	38	1
-51.904	-29.75	2.107440863	197.7	240.79	109.43	316.28	257.98	187.44	42.12	85.43	88.40	68.52	205.17	132.12	Madeira	Taquari	91	2
-51.608	-29.39	0.03	3.01	4.73	4.22	9.14	5.74	2.85	2.68	2.41	4.31	2.68	6.13	3.65	Máquinas e Equipamentos	Barão	65	1
-51.634	-29.069	0.0749951481	11.3	7.74	27.56	14.61	44.79	13.47	12.63	5.76	12.93	3.85	21.16	21.98	Máquinas e Equipamentos	Bento Gonçalves	74	5
-50.97	-28.805	0.1449454418	4.66	4.31	4.97	9.73	7.36	4.68	3.33	3.64	3.75	3.69	3.87	4.89	Máquinas e Equipamentos	Caxias do Sul	45	34
-51.42	-29.057	0.0383258337	11.48	13.75	4.8	14.91	4.12	10.27	3.10	9.05	9.05	8.31	6.06	5.71	Máquinas e Equipamentos	Farroupilha	46	3
-51.803	-28.907	0.0231912707	2.36	2.31	2.41	2.49	2.7	2.36	2.18	2.23	2.25	2.24	2.25	2.39	Máquinas e Equipamentos	Guaporé	56	1
-52.24	-28.524	0.034109239	2.05	2.05	2.06	2.07	2.09	2.05	2.02	2.02	2.03	2.03	2.04	2.06	Máquinas e Equipamentos	Marau	23	1
-51.689	-29.659	0.0652066247	13.95	18.47	6.27	25.09	13.73	12.54	5.24	11.25	11.25	10.41	11.30	8.63	Máquinas e Equipamentos	Montenegro	75	2
-51.477	-29.015	0.0052707433	2.48	2.52	2.37	2.78	2.8	2.48	2.19	2.30	2.23	2.3	2.41	2.4	Máquinas e Equipamentos	Nova Roma do Sul	241	1
-52.331	-29.551	0.0082825967	2.91	2.24	3.69	2.99	4.93	2.92	2.27	2.34	3.10	2.54	2.59	3.45	Máquinas e Equipamentos	Santa Cruz do Sul	58	2
-51.165	-28.88	0.01	2.44	2.15	2.88	3.59	2.59	2.48	2.13	2.01	2.25	2.21	2.42	2.75	Máquinas e Equipamentos	São Marcos	48	1
-51.106	-28.533	0.01	2.01	2.01	2.01	2.02	2.02	2.01	2.00	12.76	2.01	2.01	2.01	2.01	Máquinas e Equipamentos	Vacaria	34	1
-52.117	-29.608	0.0519544701	13.29	21.55	9.08	28.75	39.78	13.35	4.48	2.20	9.33	14.28	11.62	7.36	Máquinas e Equipamentos	Venâncio Aires	98	2
-51.627	-29.017	0.0463825414	572.51	4.96	9.27	4.62	12.18	7.99	2.76	3.06	4.17	3.12	2.73	9.06	Máquinas e Equipamentos	Veranópolis	47	4
-51.447	-28.864	0.0254501607	2.74	3.17	2.8	4.69	4.16	2.76	2.33	2.39	2.53	2.43	2.64	2.77	Máquinas e Equipamentos	Vila Flores	32	1
-52.1	-28.663	0.0080567077	2.1	2.02	2.02	2.02	2.03	2.02	2.01	2.01	2.02	2.01	2.02	2.02	Máquinas e Equipamentos	Vila Maria	26	1
-51.687	-29.209	0.00	2.14	3.76	2.50	3.98	5.97	2.14	2.01	3.34	2.08	3.29	3.22	2.14	Máquinas e Equipamentos	Garibaldi	38	1
-51.605	-29.368	0.0074156909	2.25	2.68	2.55	3.78	2.93	2.21	2.17	2.10	2.58	2.17	3.03	2.41	Material Elétrico	Carlos Barbosa	68	1
-50.975	-28.831	0.059075961	6.62	5.65	9.4	11.77	14.02	6.97	4.71	4.22	6.91	5.36	7.6	8.56	Material Elétrico	Caxias do Sul	151	14
-51.944	-29.739	0.0082000429	2.55	2.31	2.79	2.72	2.97	2.58	2.09	2.14	2.16	2.14	2.19	2.72	Material Elétrico	Venâncio Aires	86	1
-51.671	-29.050	0.00	0.00	0.00	0.00	0.00	0.00	0.00	0.00	0.00	0.00	0.00	0.00	0.00	Material Elétrico	Bento Gonçalves	0	1
-51.684	-29.212	0.00	0.00	0.00	0.00	0.00	0.00	0.00	0.00	0.00	0.00	0.00	0.00	0.00	Material Elétrico	Garibaldi	0	1
-51.055	-28.864	0.22060347	4.14	3.99	4.26	4.42	5.26	4.15	2.76	3.11	3.44	3.2	3.76	4.23	Metalurgica	Caxias do Sul	69	1
-51.939	-28.924	0.115554198	3.55	3.33	3.77	4.21	5.91	3.57	2.79	3.04	3.21	3.1	3.3	3.71	Metalurgica	Guaporé	74	1
-51.625	-29.016	0.095499338	13.41	7.93	16.54	7.24	22.36	13.98	3.51	4.13	6.34	4.24	3.45	16.12	Metalurgica	Veranópolis	49	2
-50.911	-28.801	0.5838346152	12.49	11.05	13.79	16.1	16.73	12.58	7.31	11.09	9.08	8.83	9.18	13.46	Minerais não-Metálicos	Caxias do Sul	38	1
-51.383	-29.065	0.3321370255	80.47	99.23	25.16	108.8	19.52	70.44	11.06	60.31	13.39	54.23	35.58	32.69	Minerais não-Metálicos	Farroupilha	52	1
-51.851	-28.642	0.1492021794	2.5	2.50	2.01	2.8	3.15	2.51	2.36	2.44	2.49	2.45	2.51	2.56	Minerais não-Metálicos	Paraí	28	2
-52.32	-28.82	0.00	0.00	0.00	0.00	0.00	0.00	0.00	0.00	0.00	0.00	0.00	0.00	0.00	Minerais não-Metálicos	Soledade	0	1
-50.26	-28.934	1.7133503769	672.44	635.68	280.85	988.57	725.01	604.25	141.75	248.86	386.27	392.04	160.43	361.68	Papel e Papelão	Cambará do Sul	83	1
-51.286	-29.101	2.4748394333	314.13	152.75	407.09	124.57	559.91	331.31	42.57	59.15	111.13	62.14	33.18	395.43	Papel e Papelão	Caxias do Sul	43	1
-51.543	-29.015	34.654314641	1354.31	2777.84	3510.41	7957.11	5528.05	1563.13	800.93	673.96	3055.23	1164.47	4632.54	2750.09	Plásticos e borracha	Bento Gonçalves	74	4
-51.608	-29.37	4.968360522	173.94	465.63	379.09	1216.01	638.1	146.08	117.20	71.86	394.21	118.23	704.02	283.47	Plásticos e borracha	Carlos Barbosa	65	1
-51.017	-28.839	70.004199755	687.07	637.62	724.96	774.70	1043.94	690.39	245.47	357.92	463.46	386.26	563.9	716.09	Plásticos e borracha	Caxias do Sul	62	18
-51.363	-29.086	2.8568073002	663.11	314.83	763.82	154.21	1017.95	700.45	45.33	271.24	397.12	367.72	77.87	763.2	Plásticos e borracha	Farroupilha	60	2
-51.685	-29.211	2.484180261	98.58	1202.91	340.38	1353.75	2703.64	97.26	11.57	916.68	55.81	880.42	829.44	99.76	Plásticos e borracha	Garibaldi	41	1
-51.922	-28.943	3.9001630098	53.94	30.32	60.97	75.83	132.63	54.46	28.54	36.9	42.49	38.62	45.47	59.04	Plásticos e borracha	Guaporé	70	1
-52.228	-28.501	27.0775648449	17.02	15.06	19.04	24.08	33.33	17.19	6.52	8.43	10.49	8.96	12.86	18.44	Plásticos e borracha	Marau	22	2
-51.693	-29.669	8.1977948613	1492.92	2057.35	534.66	2882.71	1465.65	1317.49	406.13	1155.76	322.44	1051.68	1162.98	829.66	Plásticos e borracha	Montenegro	75	1
-51.528	-28.76	6.3843432708	34.4	29.96	38.82	48.87	62.92	34.76	19.80	22.41	23.27	22.8	24.7	37.58	Plásticos e borracha	Nova Prata	45	1
-51.652	-29.422	7.9742186378	449.98	1209.96	984.49	3165.03	1659.32	233.31	302.14	184.01	1023.88	304.82	1831.06	735.36	Plásticos e borracha	Salvador do Sul	65	1
-52.33	-29.671	16.7185331565	772.29	1557.48	1380.4	3493.73	1996.04	772.85	361.72	369.07	1192.86	450.39	2046.31	1101.99	Plásticos e borracha	Santa Cruz do Sul	87	2
-51.981	-29.663	4.0243720228	632.75	405.35	718.25	396.26	1074.32	642.09	132.87	298.81	413.97	354.34	250.55	709.65	Plásticos e borracha	Venâncio Aires	140	1
-51.612	-29.373	4.582509496	160.55	429.52	349.72	1121.46	588.56	134.86	108.23	66.42	363.66	109.17	649.34	261.55	Produtos de Metal	Carlos Barbosa	65	4
-50.803	-28.963	3.201819681	217.77	236.19	212.15	368.7	329.24	211.92	53.02	109.87	151.11	98.88	217.58	198.12	Produtos de Metal	Caxias do Sul	250	21
-51.366	-29.076	0.9996194261	233.35	111.47	268.59	55.26	357.53	246.41	17.16	96.22	140.27	129.98	28.55	268.37	Produtos de Metal	Farroupilha	60	1
-51.323	-29.061	0.0276137963	8.79	5.27	9.14	3.77	12.18	8.86	2.46	4.87	5.94	5.72	2.9	9.47	Produtos de Metal	Flores da Cunha	70	1
-51.687	-29.209	1.5173781067	61.00	735.59	208.71	827.74	1652.34	60.19	7.85	560.75	34.87	538.6	507.45	61.72	Produtos de Metal	Garibaldi	41	3
-51.817	-29.363	0.3838317686	47.88	148.96	66.73	195.26	334.01	47.83	12.75	99.02	37.48	101.77	102.31	48.17	Produtos de Metal	Imigrante	77	1
-51.962	-29.419	0.0138068982	3.15	4.57	4.34	6.98	8.59	2.93	3.27	3.55	3.03	3.08	5.11	3.67	Produtos de Metal	Lajeado	97	1
-52.308	-29.668	1.6209298428	76.67	152.79	135.62	340.5	195.31	76.73	36.87	37.58	117.45	45.47	200.18	108.64	Produtos de Metal	Santa Cruz do Sul	87	1
-51.611	-29.005	0.4459628102	55.54	29.82	70.24	26.58	97.54	58.21	9.10	11.98	22.35	12.5	8.83	68.24	Produtos de Metal	Veranópolis	47	1
-51.461	-28.857	0.2457627871	5.36	13.16	4.89	27.77	22.63	4.86	5.16	5.67	7.04	6.05	8.12	4.14	Produtos de Metal	Vila Flores	32	1
-51.967	-29.419	220.3817926842	17395.57	38815.07	35262.27	75109.97	99442.51	14041.89	19188.7	23376.19	15614.98	16260.15	47013.54	25174.47	Química	Arroio do Meio	89	1
-51.02	-28.839	82.0025275104	804.48	746.55	848.87	907.13	1222.51	808.37	287.2	418.92	542.55	452.11	660.2	838.47	Química	Caxias do Sul	62	3
-51.859	-29.243	146.9211951228	16026.09	21547.57	6362.53	20972.24	17113.44	14737.59	3089.19	6051.25	3898.32	3810.72	15430.83	8588.34	Química	Encantado	52	1
-51.971	-29.496	68.335439592	6582.82	17418.95	3708.38	31811.2	19571.47	4980.3	4506.83	9391.99	1298.15	6582.78	14375.39	1864.23	Química	Estrela	49	1
-51.689	-29.66	249.4243545108	45363.45	62536.31	16208.28	87648.16	44533.89	40026.13	12297.76	35105.43	9751.46	31938.86	35325.12	31498.75	Química	Montenegro	71	2
-51.867	-29.278	9.1113919456	1555.24	1267.79	973.94	345.42	2534.88	1519.09	183.91	239.66	95.73	480.37	429.14	1170.13	Química	Roca Sales	36	1
-51.905	-29.744	42.709649745	3085.67	3014.79	4856.15	7254.45	8111.62	3109.3	877.86	1448.84	3420.8	1981.67	4225.09	4252.63	Química	Taquari	129	1
-51.758	-29.805	161.7272070344	74776.2	103084.1	26716.58	144478.7	73408.76	65978.13	20270.44	57866.8	16073.09	52646.98	58228.93	37826.84	Química	Triunfo	71	3
-51.1	-28.843	1.1516240352	815.76	757.02	860.78	919.87	1239.68	819.71	291.21	424.79	550.15	458.44	669.45	850.24	Têxtil	Caxias do Sul	66	3
-51.416	-29.058	0.4589805937	110.64	136.63	34.07	149.87	26.25	96.77	14.55	82.74	17.77	74.32	48.49	44.50	Têxtil	Farroupilha	46	1
-50.807	-28.866	0.0137719715	4.91	2.98	319.9	2.74	8.18	4.94	2.3	3.09	4.25	3.68	2.65	5.85	Transporte	Caxias do Sul	56	2
-51.701	-29.455	0.0058604134	3.79	2.66	4.63	2.81	4.99	3.81	2.97	2.25	3.39	2.51	3.31	4.50	Transporte	Brochier	97	1
-51.571	-29.045	0.0058479396	2.28	2.58	2.74	3.68	3.16	2.33	2.17	2.14	2.64	2.24	2.98	2.58	Veículos Automotores	Bento Gonçalves	69	1
-50.805	-28.931	0.6128640732	127.3	44.24	488.92	33.87	267.93	128.42	14.84	48.79	98.87	74.15	30.07	167.44	Veículos Automotores	Caxias do Sul	56	25
-51.349	-29.056	0.0172579196	2.97	3.79	3.37	5.71	4.18	2.86	2.39	2.45	3.23	2.5	4.17	3.09	Veículos Automotores	Flores da Cunha	90	3
-51.174	-28.936	0.0267705681	4.35	5.83	6.46	8.77	11.3	4.52	4.00	4.35	4.18	3.91	6.31	5.66	Veículos Automotores	São Marcos	164	3
-51.958	-29.472	0.00	2.75	3.55	2.40	4.15	5.22	2.56	2.11	2.92	2.39	3.01	2.80	2.27	Veículos Automotores	Estrela	75	1
-52.257	-28.381	0.00	0.00	0.00	0.00	0.00	0.00	0.00	0.00	0.00	0.00	0.00	0.00	0.00	Veículos Automotores	Passo Fundo	0	1

