Longitude.ma	Latitude.ma	MA t/ano	ma01	ma02	ma03	ma04	ma05	ma06	ma07	ma08	ma09	ma10	ma11	ma12	Metros	Setor Industrial.MA	Número de Indústrias.MA	Municipio.MA
-51.277	-28.924	0.01	0.70	0.32	1.21	1.32	1.10	0.75	0.14	0.21	0.26	0.22	0.29	1.05	56	Alimentos	2	Antônio Prado
-51.951	-29.415	0.01	1.34	0.84	3.61	1.83	6.63	1.65	1.47	0.55	1.55	0.27	2.71	2.83	70	Alimentos	1	Arroio do Meio
-51.647	-29.085	0.02	1.40	0.57	2.24	1.28	2.39	1.51	0.22	0.32	0.87	0.34	0.13	2.05	39	Alimentos	2	Bento Gonçalves
-50.706	-28.795	0.00	0.06	0.05	0.07	0.12	0.24	0.06	0.03	0.04	0.04	0.04	0.05	0.07	139	Alimentos	1	Bom Jesus
-51.311	-29.087	0.03	3.23	1.56	4.19	1.27	5.77	3.40	0.42	0.59	1.13	0.62	0.32	4.07	38	Alimentos	2	Caxias do Sul
-51.976	-29.537	0.00	1.19	1.04	0.71	1.60	1.52	1.11	0.32	0.49	0.71	0.65	0.37	0.83	124	Alimentos	1	Cruzeiro do Sul
-51.884	-29.21	0.06	3.90	1.21	7.48	6.90	6.15	4.28	0.82	1.23	1.49	1.31	1.05	6.52	38	Alimentos	2	Encantado
-51.380	-29.065	0.00	0.86	1.07	0.25	1.18	0.19	0.75	0.10	0.64	0.13	0.57	0.37	0.34	49	Alimentos	1	Farroupilha
-51.684	-29.212	0.07	2.70	33.56	9.46	37.79	75.54	2.66	0.27	25.56	1.50	24.54	23.12	2.73	41	Alimentos	2	Garibaldi
-51.945	-29.459	0.06	6.44	2.69	9.88	4.76	11.44	6.92	0.96	1.39	3.28	1.47	0.48	9.17	39	Alimentos	2	Lajeado
-51.681	-29.657	0.00	0.66	0.92	0.24	1.28	0.65	0.59	0.18	0.51	0.14	0.47	0.52	0.37	75	Alimentos	1	Montenegro
-51.643	-29.417	0.00	0.00	0.00	0.00	0.00	0.00	0.00	0.00	0.00	0.00	0.00	0.00	0.00	0	Alimentos	1	Salvador do Sul
-52.254	-29.593	0.02	2.29	0.62	4.23	2.47	7.33	2.31	0.68	0.86	2.74	1.36	1.48	3.63	58	Alimentos	1	Santa Cruz do Sul
-51.977	-29.668	0.00	0.57	0.37	0.65	0.36	0.97	0.58	0.12	0.27	0.37	0.32	0.23	0.64	140	Alimentos	1	Venâncio Aires
-51.78	-29.462	0.03	8.09	2.99	11.85	3.66	13.50	8.14	4.35	1.12	6.28	2.28	5.88	11.28	97	Alimentos	1	Westfália
-51.946	-29.426	0.0157313545	1.52	0.63	2.33	1.12	2.69	1.63	0.23	0.33	0.77	0.35	0.11	2.16	36	Couros	1	Arroio do Meio
-51.683	-29.092	0.0027761214	0.35	0.14	0.56	0.32	0.60	0.38	0.06	0.08	0.22	0.09	0.33	0.51	39	Couros	1	Bento Gonçalves
-51.101	-29.037	0.0041641821	0.44	0.10	1.01	0.33	1.70	0.52	0.10	0.17	0.64	0.29	0.22	0.86	41	Couros	2	Caxias do Sul
-51.863	-29.25	0.006107467	0.80	1.07	0.32	1.04	0.85	0.73	0.15	0.30	0.19	0.19	0.77	0.43	52	Couros	1	Encantado
-51.388	-29.065	0.1997882021	47.49	58.85	14.02	64.66	10.61	41.42	5.48	35.28	6.89	31.60	20.32	18.58	49	Couros	3	Farroupilha
-51.248	-28.95	0.0162865788	2.36	2.02	2.37	3.03	3.59	2.38	0.91	1.12	1.54	1.27	1.39	2.37	510	Couros	1	Flores da Cunha
-51.931	-29.431	0.0623701937	6.44	2.70	9.88	4.76	11.45	6.92	0.96	1.39	3.28	1.47	0.48	9.17	39	Couros	2	Lajeado
-52.261	-28.49	0.0384030125	0.01	0.01	0.01	0.01	0.02	0.01	0.01	0.01	0.01	0.01	0.01	0.01	36	Couros	1	Marau
-51.688	-29.658	0.0162865788	2.66	3.67	0.95	2.57	2.61	2.35	0.72	2.06	0.57	1.87	2.07	1.48	75	Couros	2	Montenegro
-51.836	-28.679	0.0002776121	0.00	0.00	0.00	0.00	0.00	0.00	0.00	0.00	0.00	0.00	0.00	0.00	0	Couros	1	Nova Araçá
-51.529	-28.758	0.0023134345	0.02	0.02	0.02	0.03	0.03	0.02	0.01	0.01	0.01	0.01	0.01	0.02	45	Couros	1	Nova Prata
-51.848	-29.466	0.000740299	0.00	0.00	0.00	0.00	0.00	0.00	0.00	0.00	0.00	0.00	0.00	0.00	0	Couros	1	Teutônia
-51.608	-29.39	0.003895043	0.13	0.34	0.28	0.89	0.47	0.11	0.08	0.05	0.29	0.09	0.52	0.21	61	Máquinas e Equipamentos	1	Barão
-51.634	-29.069	0.0090220067	0.89	0.55	2.44	1.20	4.08	1.09	1.01	0.36	1.04	0.18	1.83	1.91	74	Máquinas e Equipamentos	5	Bento Gonçalves
-50.97	-28.805	0.055871222	1.00	0.87	1.11	2.90	2.01	1.01	0.50	0.61	0.66	0.63	0.70	1.08	45	Máquinas e Equipamentos	34	Caxias do Sul
-51.42	-29.057	0.004610644	0.86	1.07	0.25	1.17	0.19	0.76	0.10	0.64	0.13	0.58	0.37	0.33	49	Máquinas e Equipamentos	3	Farroupilha
-51.687	-29.209	0.0003170384	0.00	0.00	0.00	0.00	0.00	0.00	0.00	0.00	0.00	0.00	0.00	0.00	0	Máquinas e Equipamentos	1	Garibaldi
-51.803	-28.907	0.0027899378	0.06	0.05	0.07	0.08	0.12	0.06	0.03	0.04	0.04	0.04	0.04	0.07	56	Máquinas e Equipamentos	1	Guaporé
-52.24	-28.524	0.0041033826	0.01	0.01	0.01	0.01	0.01	0.01	0.01	0.01	0.01	0.01	0.01	0.01	24	Máquinas e Equipamentos	1	Marau
-51.689	-29.659	0.0078444355	1.33	1.83	0.47	2.57	1.31	1.62	0.36	1.03	0.29	0.94	1.04	0.73	98	Máquinas e Equipamentos	2	Montenegro
-51.477	-29.015	0.0006340768	0.00	0.00	0.00	0.00	0.00	0.00	0.00	0.00	0.00	0.00	0.00	0.00	0	Máquinas e Equipamentos	1	Nova Roma do Sul
-52.331	-29.551	0.0009964064	0.00	0.00	0.00	0.00	0.00	0.00	0.00	0.00	0.00	0.00	0.00	0.00	0	Máquinas e Equipamentos	2	Santa Cruz do Sul
-51.165	-28.88	0.0008152416	0.00	0.00	0.00	0.00	0.00	0.00	0.00	0.00	0.00	0.00	0.00	0.00	0	Máquinas e Equipamentos	1	São Marcos
-51.106	-28.533	0.0010869888	0.00	0.00	0.00	0.00	0.00	0.00	0.00	0.00	0.00	0.00	0.00	0.00	0	Máquinas e Equipamentos	1	Vacaria
-52.117	-29.608	0.0062501853	1.62	2.80	1.01	3.83	5.41	1.17	0.35	1.54	1.05	1.76	1.38	0.77	98	Máquinas e Equipamentos	2	Venâncio Aires
-51.627	-29.017	0.0055798756	0.88	0.46	1.12	0.40	1.57	0.92	0.12	0.16	0.33	0.17	0.11	1.09	47	Máquinas e Equipamentos	4	Veranópolis
-51.447	-28.864	0.003061685	4.09	3.67	4.45	5.40	7.27	4.17	1.68	2.12	2.61	2.33	3.19	4.25	32	Máquinas e Equipamentos	1	Vila Flores
-52.1	-28.663	0.0009692316	0.00	0.00	0.00	0.00	0.00	0.00	0.00	0.00	0.00	0.00	0.00	0.00	0	Máquinas e Equipamentos	1	Vila Maria
-51.671	-29.05	0.0022049125	0.44	0.27	1.22	0.60	2.04	0.55	0.28	0.18	0.52	0.09	0.91	0.95	74	Material Elétrico	1	Bento Gonçalves
-51.605	-29.368	0.009172436	0.38	1.02	0.83	2.68	1.40	0.32	0.25	0.15	0.87	0.26	1.55	0.62	65	Material Elétrico	1	Carlos Barbosa
-50.975	-28.831	0.0730708006	5.79	4.57	9.26	12.23	15.05	6.22	3.39	2.78	6.15	3.74	7.00	8.22	144	Material Elétrico	14	Caxias do Sul
-51.684	-29.212	0.00176393	0.00	0.00	0.00	0.00	0.00	0.00	0.00	0.00	0.00	0.00	0.00	0.00	0	Material Elétrico	1	Garibaldi
-51.944	-29.739	0.0101425976	0.82	0.47	1.18	1.08	1.46	0.87	0.14	0.20	0.08	0.22	0.29	1.08	76	Material Elétrico	1	Venâncio Aires
-51.055	-28.864	0.4267399874	4.18	3.88	4.41	4.72	6.36	4.20	1.49	2.17	2.82	2.35	3.43	4.36	66	Metalurgica	1	Caxias do Sul
-51.939	-28.924	0.2235304696	2.97	2.54	3.37	4.22	7.46	3.00	1.52	1.99	2.31	2.09	2.48	3.26	70	Metalurgica	1	Guaporé
-51.625	-29.016	0.1995147993	24.16	12.55	30.80	11.09	43.13	25.37	3.20	4.50	9.18	4.74	3.08	29.90	47	Metalurgica	2	Veranópolis
-50.26	-28.934	0.0032858685	1.43	1.35	0.60	2.11	1.55	1.29	0.30	0.53	0.82	0.83	0.34	0.77	79	Papel e Papelão	1	Cambará do Sul
-51.049	-28.852	0.0047462545	0.04	0.03	0.04	0.04	0.05	0.04	0.01	0.02	0.02	0.02	0.03	0.04	66	Papel e Papelão	1	Caxias do Sul
-51.543	-29.015	0.0639278798	2.57	5.27	6.66	15.10	10.49	2.96	1.52	1.28	5.80	2.21	8.79	5.22	74	Plásticos e borracha	4	Bento Gonçalves
-51.608	-29.37	0.0091652874	0.38	1.02	0.83	2.68	1.40	0.32	0.25	0.15	0.87	0.26	1.55	0.62	65	Plásticos e borracha	1	Carlos Barbosa
-51.017	-28.839	0.1291388999	1.25	1.16	1.32	0.19	1.90	1.26	0.44	0.65	0.84	0.84	1.03	1.30	66	Plásticos e borracha	18	Caxias do Sul
-51.363	-29.086	0.0052700403	0.85	0.40	0.97	1.99	1.30	0.89	0.06	0.34	0.51	0.47	0.10	0.97	60	Plásticos e borracha	2	Farroupilha
-51.685	-29.211	0.0045826437	0.14	1.77	0.50	0.13	3.98	0.14	0.01	1.35	0.08	1.29	1.22	0.14	41	Plásticos e borracha	1	Garibaldi
-51.922	-28.943	0.0071947506	0.09	0.08	0.11	0.04	0.24	0.09	0.04	0.07	0.08	0.07	0.08	0.10	70	Plásticos e borracha	1	Guaporé
-52.228	-28.501	0.0499508165	0.03	0.02	0.03	0.13	0.06	0.09	0.01	0.01	0.02	0.01	0.02	0.03	22	Plásticos e borracha	2	Marau
-51.693	-29.669	0.0151227243	2.66	3.67	0.95	5.14	2.61	2.35	0.72	2.06	0.57	1.87	2.07	1.48	75	Plásticos e borracha	1	Montenegro
-51.528	-28.76	0.0117773943	0.06	0.05	0.06	0.08	0.10	0.06	0.03	0.04	0.04	0.04	0.04	0.01	41	Plásticos e borracha	1	Nova Prata
-51.652	-29.422	0.0147102863	0.51	1.37	1.11	3.57	1.88	0.42	0.34	0.21	1.15	0.34	2.06	0.83	65	Plásticos e borracha	1	Salvador do Sul
-52.33	-29.671	0.0308411922	1.35	2.72	2.41	6.11	3.49	1.35	0.63	0.64	2.08	0.78	3.57	1.92	87	Plásticos e borracha	2	Santa Cruz do Sul
-51.981	-29.663	0.0074238828	1.15	0.73	1.30	0.72	1.95	1.16	0.24	0.54	0.75	0.64	0.45	1.28	131	Plásticos e borracha	1	Venâncio Aires
-51.612	-29.373	0.5843042101	20.24	54.57	44.39	142.92	74.91	16.96	13.55	8.22	46.16	13.68	82.62	33.14	65	Produtos de Metal	4	Carlos Barbosa
-50.803	-28.963	0.4082559395	27.59	29.94	4.22	46.90	41.86	26.84	6.52	13.79	19.06	12.38	27.56	25.08	268	Produtos de Metal	21	Caxias do Sul
-51.366	-29.076	0.1274589479	29.59	14.00	34.10	6.82	45.49	31.26	1.94	12.05	17.68	16.37	3.40	34.07	60	Produtos de Metal	1	Farroupilha
-51.323	-29.061	0.0035209654	0.85	0.41	0.89	0.22	1.27	0.86	0.06	0.36	0.49	0.47	0.11	0.93	66	Produtos de Metal	1	Flores da Cunha
-51.687	-29.209	0.1934770494	7.53	93.62	26.39	105.41	210.73	7.43	0.75	71.29	4.19	68.46	64.50	7.62	41	Produtos de Metal	3	Garibaldi
-51.817	-29.363	0.0489414192	5.69	18.23	8.03	23.97	41.20	5.68	1.33	12.03	4.40	12.37	12.44	5.73	77	Produtos de Metal	1	Imigrante
-51.962	-29.419	0.0017604827	0.00	0.00	0.00	0.00	0.00	0.00	0.00	0.00	0.00	0.00	0.00	0.00	0	Produtos de Metal	1	Lajeado
-52.308	-29.668	0.2066806697	9.60	19.38	17.18	43.52	24.86	9.60	4.48	4.57	14.84	5.59	25.47	13.71	87	Produtos de Metal	1	Santa Cruz do Sul
-51.611	-29.005	0.0568635914	7.03	3.65	8.96	3.23	12.55	7.38	0.93	1.31	1.50	1.38	0.90	8.70	47	Produtos de Metal	1	Veranópolis
-51.461	-28.857	0.0313365922	0.45	1.50	0.39	3.47	2.77	0.38	0.42	0.49	0.68	0.54	0.82	0.29	32	Produtos de Metal	1	Vila Flores
-51.539	-29.028	0.000390407	0.00	0.00	0.00	0.00	0.00	0.00	0.00	0.00	0.00	0.00	0.00	0.00	0	Produtos Diversos	1	Bento Gonçalves
-50.968	-28.803	0.0134039721	0.27	0.23	0.30	0.77	0.54	0.27	0.13	0.16	0.18	0.17	0.19	0.29	45	Produtos Diversos	2	Caxias do Sul
-51.913	-28.947	0.0074177321	0.10	0.08	0.11	0.23	0.25	0.10	0.05	0.06	0.07	0.07	0.08	0.11	70	Produtos Diversos	9	Guaporé
-51.476	-29.017	0.0009760174	0.00	0.00	0.00	0.00	0.00	0.00	0.00	0.00	0.00	0.00	0.00	0.00	0	Produtos Diversos	1	Nova Roma do Sul
-52.331	-29.544	0.0032533913	0.46	0.12	0.85	0.49	1.47	0.46	0.14	0.17	0.55	0.27	0.30	0.73	58	Produtos Diversos	1	Santa Cruz do Sul
-52.299	-28.874	0.0010801259	0.00	0.00	0.00	0.00	0.00	0.00	0.00	0.00	0.00	0.00	0.00	0.00	0	Produtos Diversos	5	Soledade
-51.848	-29.466	0.0004684883	0.00	0.00	0.00	0.00	0.00	0.00	0.00	0.00	0.00	0.00	0.00	0.00	0	Produtos Diversos	2	Teutônia
-51.967	-29.419	1.5045642357	118.85	265.21	241.00	513.36	679.86	95.94	131.07	159.67	106.68	111.06	321.23	172.05	97	Química	1	Arroio do Meio
-51.02	-28.839	0.5598378552	5.47	5.07	9.99	6.17	8.32	5.49	1.94	2.84	3.68	3.07	4.48	5.70	66	Química	3	Caxias do Sul
-51.859	-29.243	1.0030428238	109.60	147.36	43.50	143.47	117.07	100.78	21.11	41.36	26.65	26.04	105.53	58.73	56	Química	1	Encantado
-51.971	-29.496	0.466531546	45.05	119.24	25.38	217.84	134.05	34.08	30.83	64.27	8.87	45.04	98.41	12.75	53	Química	1	Estrela
-51.689	-29.66	1.7028401428	310.43	427.95	113.04	599.97	304.92	273.90	84.12	240.16	66.70	218.50	241.73	172.33	75	Química	2	Montenegro
-51.867	-29.278	0.0622042061	10.59	8.63	6.63	2.34	17.28	10.34	1.24	1.62	0.64	3.26	2.91	7.96	39	Química	1	Roca Sales
-51.905	-29.744	0.2915822162	21.11	20.62	33.23	49.65	55.54	21.27	5.99	9.90	23.40	13.55	28.91	29.10	138	Química	1	Taquari
-51.758	-29.805	1.1041246588	200.75	276.75	71.73	387.99	197.19	177.13	54.40	155.31	43.14	141.30	156.33	111.44	75	Química	3	Triunfo
-50.807	-28.866	0.005862255	1.46	0.49	2.01	0.37	3.10	1.47	0.15	0.54	1.13	0.84	0.33	1.93	56	Transporte	2	Caxias do Sul
-51.701	-29.455	0.0024945766	0.90	0.33	1.32	0.41	1.50	0.90	0.48	0.12	0.70	0.25	0.65	1.25	97	Transporte	1	Brochier
-51.571	-29.045	0.0009634302	0.00	0.00	0.00	0.00	0.00	0.00	0.00	0.00	0.00	0.00	0.00	0.00	0	Veículos Automotores	1	Bento Gonçalves
-50.805	-28.931	0.1009674843	20.43	6.89	28.21	5.20	43.36	20.61	2.09	7.63	15.79	11.76	4.57	26.97	56	Veículos Automotores	25	Caxias do Sul
-51.958	-29.472	0.0003297072	0.00	0.00	0.00	0.00	0.00	0.00	0.00	0.00	0.00	0.00	0.00	0.00	0	Veículos Automotores	1	Estrela
-51.349	-29.056	0.0030572851	0.19	0.36	0.27	0.74	0.44	0.17	0.08	0.09	0.25	0.10	0.43	0.22	90	Veículos Automotores	3	Flores da Cunha
-52.257	-28.381	0.0003297072	0.00	0.00	0.00	0.00	0.00	0.00	0.00	0.00	0.00	0.00	0.00	0.00	0	Veículos Automotores	1	Passo Fundo
-51.174	-28.936	0.0044103693	0.34	0.55	0.64	0.97	1.33	0.36	0.29	0.34	0.31	0.27	0.62	0.52	164	Veículos Automotores	3	São Marcos
-51.613	-29.382	0.0009412677	0.00	0.00	0.00	0.00	0.00	0.00	0.00	0.00	0.00	0.00	0.00	0.00	0	Vestuário	1	Barão
-51.600	-29.045	0.0043116132	0.14	0.29	0.37	0.84	0.58	0.16	0.08	0.07	0.32	0.12	0.49	0.29	74	Vestuário	2	Bento Gonçalves
-51.037	-28.833	0.0189771708	0.18	0.17	0.19	0.20	0.27	0.18	0.06	0.09	0.12	0.10	0.15	0.19	66	Vestuário	6	Caxias do Sul
-51.404	-29.055	0.0030363473	0.86	1.07	0.25	1.18	0.19	0.75	0.10	0.64	0.13	0.57	0.37	0.34	49	Vestuário	1	Farroupilha
-51.921	-28.941	0.0020647162	0.05	0.04	0.06	0.07	0.12	0.05	0.02	0.03	0.04	0.03	0.04	0.05	70	Vestuário	1	Guaporé
-52.312	-29.667	0.001958444	0.17	0.34	0.30	0.76	0.44	0.17	0.08	0.08	0.26	0.10	0.45	0.24	87	Vestuário	1	Santa Cruz do Sul

