Longitude.sts	Latitude.sts	STS t/ano	sts01	sts02	sts03	sts04	sts05	sts06	sts07	sts08	sts09	sts10	sts11	sts12	Metros.sts	Setor Industrial.sts	Número de Indústrias.sts	Municipio.sts
-51.277	-28.924	1.2362572954	79.49	36.61	136.62	148.73	124.56	85.29	16.1	23.67	28.88	25.25	32.92	118.16	58	Alimentos	2	Antônio Prado
-51.951	-29.415	1.1312158259	138.47	86.32	372.73	188.62	684.65	170.06	152.22	56.39	160.42	28.22	279.78	292.93	70	Alimentos	1	Arroio do Meio
-51.647	-29.085	1.6039024388	153.56	62.4	245.68	140.34	261.89	165.57	24.35	35.38	95.05	37.49	14.4	225.19	39	Alimentos	2	Bento Gonçalves
-50.706	-28.795	0.3030042391	5.07	4.55	5.52	10.24	19.56	5.1	2.45	2.95	3.21	3.04	3.86	5.41	139	Alimentos	1	Bom Jesus
-51.311	-29.087	2.8684401299	362.25	174.95	470.14	142.25	647.68	382.19	47.07	66.31	126.62	69.78	36.18	456.61	41	Alimentos	2	Caxias do Sul
-51.976	-29.537	0.2424033913	78.3	68.49	47.13	105.31	100.16	73.42	21.13	32.49	47.12	43.14	288.42	54.46	124	Alimentos	1	Cruzeiro do Sul
-51.884	-29.21	6.3469287945	423.91	131.46	813.25	749.58	668.47	465.49	89.29	133.55	161.85	142.56	113.71	709.05	38	Alimentos	2	Encantado
-51.38	-29.065	0.2828039565	66.49	82.39	19.63	90.52	14.85	57.99	7.68	49.4	9.65	44.25	28.45	26.01	49	Alimentos	1	Farroupilha
-51.684	-29.212	7.3811832639	287.23	3571.64	1006.67	4021.39	8039.46	283.32	28.47	2719.61	160	2611.8	2460.89	290.84	41	Alimentos	2	Garibaldi
-51.945	-29.459	6.4075296423	665.33	278.21	1020.11	491.45	1181.29	714.43	99.45	143.91	338.51	152.25	49.08	946.69	39	Alimentos	2	Lajeado
-51.681	-29.657	0.3232045217	59.16	81.56	21.14	114.34	58.11	52.2	16.03	45.77	12.71	41.64	46.07	32.84	75	Alimentos	1	Montenegro
-51.643	-29.417	0.3110843521	10.75	28.99	23.58	75.93	39.79	9.01	7.2	4.37	24.52	7.27	43.89	17.6	65	Alimentos	1	Salvador do Sul
-52.254	-29.593	1.9271069605	241.89	64.76	447.01	261.32	773.96	243.91	71.51	90.59	289.78	144.03	156.59	383.54	58	Alimentos	1	Santa Cruz do Sul
-51.977	-29.668	0.3636050869	57.26	36.62	65.03	35.8	97.38	58.11	11.87	26.94	37.39	31.98	22.56	64.25	131	Alimentos	1	Venâncio Aires
-51.78	-29.462	3.4744486081	855.33	316.52	1253.48	386.83	1427.8	861.24	460.39	118.28	664.36	241.36	622.12	1193.68	97	Alimentos	1	Westfália
-51.528	-29.066	1.2625518188	343.18	179.57	317.62	103.32	398	348.48	11.62	148.83	160.52	190.89	28.15	353.53	39	Bebidas	5	Bento Gonçalves
-51.115	-29.03	0.0913398049	11.02	2.56	25.27	8.35	42.39	12.9	2.56	4.17	15.98	7.34	5.54	21.58	44	Bebidas	2	Caxias do Sul
-51.313	-29.075	0.444913243	56.23	27.16	72.97	22.08	100.53	59.32	7.31	10.29	19.65	10.83	5.62	70.87	41	Bebidas	4	Flores da Cunha
-51.692	-29.205	0.3211625397	12.5	155.44	43.81	175.02	349.89	12.33	1.24	118.36	6.96	113.67	107.1	12.66	41	Bebidas	3	Garibaldi
-51.941	-29.458	0.7366113295	76.58	32.02	117.41	56.57	135.97	82.23	11.45	16.56	38.96	17.52	5.65	108.96	39	Bebidas	1	Lajeado
-51.361	-29.061	0.0220983399	4.11	1.27	6.55	1.17	9.98	4.6	40.28	1.59	3.75	2.48	0.79	6.25	47	Bebidas	1	Nova Pádua
-51.508	-29.081	0.0441966798	11.9	6.22	11.01	3.59	1380.33	12.09	0.4	5.17	5.57	6.62	0.97	12.26	53	Bebidas	1	Pinto Bandeira
-51.622	-29.014	0.0515627931	6.15	3.2	7.84	2.82	10.98	6.46	0.82	1.15	2.34	1.21	0.78	7.61	47	Bebidas	1	Veranópolis
-51.946	-29.426	13.9062829599	1444.39	603.97	2214.61	1066.91	2564.51	1550.99	215.9	312.42	734.88	330.53	106.55	2055.21	39	Couros	1	Arroio do Meio
-51.683	-29.092	2.4540499341	235.06	95.51	376.08	214.83	400.89	253.44	37.27	54.16	145.5	57.39	22.04	344.7	39	Couros	1	Bento Gonçalves
-51.101	-29.037	3.6810749012	444.63	103.41	1019.85	337.14	1710.75	520.45	103.39	168.23	644.78	296.09	223.39	871.02	44	Couros	2	Caxias do Sul
-51.863	-29.25	5.398909855	589.44	792.54	233.97	771.59	629.61	542.04	113.53	222.46	143.32	140.06	567.54	315.84	56	Couros	1	Encantado
-51.388	-29.065	176.6097935907	41779.09	51772.5	12333.5	56880.1	9331.26	36443.32	4823.58	31040.32	6062.37	27803.15	17877.92	16341.82	49	Couros	3	Farroupilha
-51.248	-28.95	0.5726116513	92.65	79.41	92.93	118.98	141.02	93.56	35.84	44.09	60.43	50.03	54.38	93.12	546	Couros	1	Flores da Cunha
-51.931	-29.431	55.1343218528	5726.37	2394.49	8779.93	4229.85	10167.16	6149.02	855.97	1238.6	2913.49	1310.38	422.45	8147.98	39	Couros	2	Lajeado
-52.261	-28.49	33.9476907551	7.41	6.48	8.36	10.76	15.32	7.5	2.41	3.35	4.34	3.6	5.45	8.07	38	Couros	1	Marau
-51.688	-29.658	14.3970929467	2621.7	3614.22	936.66	5066.99	2575.19	2313.23	710.45	2028.27	563.32	1845.31	2041.53	1455.4	75	Couros	2	Montenegro
-51.836	-28.679	0.2454049934	1.1	0.95	1.25	1.6	2.11	1.11	0.62	0.73	0.79	0.75	0.81	1.21	56	Couros	1	Nova Araçá
-51.529	-28.758	2.0450416118	10.38	8.96	11.8	15.01	19.52	10.49	5.7	6.54	6.81	6.66	7.27	11.4	45	Couros	1	Nova Prata
-51.848	-29.466	0.6544133158	160.82	59.51	235.69	72.73	268.46	161.94	86.56	22.24	124.92	45.38	116.97	224.44	97	Couros	1	Teutônia
-51.046	-28.853	0.0131169388	0.14	0.13	0.15	0.16	0.22	0.14	0.05	0.07	0.1	0.08	0.12	0.15	66	Equipamentos de precisão	3	Caxias do Sul
-52.326	-29.566	0.0056461364	0.92	0.25	1.69	0.99	2.93	0.92	0.27	0.34	1.1	0.55	0.59	1.45	58	Equipamentos de precisão	1	Santa Cruz do Sul
-52.272	-29.552	3.3307522689	886.88	212.81	1468.23	233.65	1016.32	1032.24	531.86	78.71	799.04	178.92	514.71	1409.61	66	Fumo	6	Santa Cruz do Sul
-52.013	-29.637	2.4402042991	301.48	77.72	654.45	239.61	1113.71	348.96	73.57	116.83	410.32	197.57	157.23	562.14	45	Fumo	7	Venâncio Aires
-51.526	-29.068	0.0056934914	1.98	1.04	1.84	0.6	2.3	2.01	0.07	0.86	0.93	1.1	0.16	2.04	53	Gráfica	1	Bento Gonçalves
-51.047	-28.859	0.0123358981	0.11	0.1	0.11	0.12	0.16	0.11	0.04	0.06	0.07	0.06	0.09	0.11	66	Gráfica	1	Caxias do Sul
-51.842	-28.711	0.0454530399	0.41	0.38	0.44	0.47	0.64	0.41	0.15	0.22	0.28	0.24	0.34	0.43	87	Gráfica	1	Serafina Corrêa
-50.195	-28.839	8.7963131669	123.98	110.12	136.91	321.63	395.63	124.91	60.32	75.82	85.81	78.75	92.5	133.56	172	Madeira	1	Cambará do Sul
-51.689	-29.206	0.2852858324	11.08	137.78	38.83	155.13	310.13	10.93	1.1	104.91	6.17	100.75	94.93	11.22	41	Madeira	1	Garibaldi
-51.904	-29.75	9.9374564967	924.99	1128.14	507.55	1485.22	1209.7	876.09	189.49	394.08	408.18	314.18	959.89	614.73	98	Madeira	2	Taquari
-51.608	-29.39	0.7625273295	26.43	71.28	57.99	186.69	97.84	22.16	17.71	10.74	60.3	17.87	107.92	43.28	65	Máquinas e Equipamentos	1	Barão
-51.634	-29.069	1.7662260935	214.7	264.95	589.99	291.15	988.12	264.86	245.36	86.75	252.33	42.77	442.3	461.35	74	Máquinas e Equipamentos	5	Bento Gonçalves
-50.97	-28.805	10.9378338803	199.43	173.38	222.42	579.54	401.79	201.05	99.81	122.75	131.23	126.46	139.93	216.51	45	Máquinas e Equipamentos	34	Caxias do Sul
-51.42	-29.057	0.9026195598	213.27	264.29	62.96	290.36	47.63	186.04	24.62	158.45	30.95	141.93	91.26	83.42	49	Máquinas e Equipamentos	3	Farroupilha
-51.687	-29.209	0.062066178	2.41	30.03	8.46	33.81	67.59	2.38	0.24	22.87	1.35	21.96	20.69	2.45	41	Máquinas e Equipamentos	1	Garibaldi
-51.803	-28.907	0.5461823663	9.05	7.85	10.15	12.18	17.56	9.13	4.55	5.71	6.27	5.92	6.34	1.42	56	Máquinas e Equipamentos	1	Guaporé
-52.24	-28.524	0.8033136751	1.31	1.17	1.46	1.78	2.23	1.33	0.42	0.6	0.79	0.65	0.99	155.36	24	Máquinas e Equipamentos	1	Marau
-51.689	-29.659	1.5356945753	279.85	385.8	99.98	540.87	274.89	246.92	75.84	216.51	60.13	196.98	217.92	13.47	75	Máquinas e Equipamentos	2	Montenegro
-51.477	-29.015	0.124132356	16.18	17.63	12.71	26.41	27.36	16.35	6.33	10.36	7.82	10.23	14.11	38.5	241	Máquinas e Equipamentos	1	Nova Roma do Sul
-52.331	-29.551	0.1950651308	24.28	6.5	44.87	26.23	77.69	24.48	7.18	9.09	29.09	14.46	15.72	11.05	58	Máquinas e Equipamentos	2	Santa Cruz do Sul
-51.165	-28.88	0.1595987434	6.5	2.26	12.93	23.29	8.6	7.12	1.93	2.91	3.66	3.14	6.23	0.25	48	Máquinas e Equipamentos	1	São Marcos
-51.106	-28.533	0.2127983245	0.23	0.2	0.26	0.32	0.43	0.23	0.7	0.1	0.13	0.11	0.17	128.56	34	Máquinas e Equipamentos	1	Vacaria
-52.117	-29.608	1.223590366	270.68	468.68	169.66	641.32	905.97	272.01	59.41	257.79	175.74	294.15	230.5	162.53	98	Máquinas e Equipamentos	2	Venâncio Aires
-51.627	-29.017	1.0923647325	131.36	68.25	167.44	60.3	234.47	137.91	17.42	24.47	49.91	25.75	16.75	18.73	47	Máquinas e Equipamentos	4	Veranópolis
-51.447	-28.864	0.5993819474	18.05	27.34	19.63	63.15	50.55	18.41	7.73	9.34	12.34	10.26	14.98	18.73	32	Máquinas e Equipamentos	1	Vila Flores
-52.1	-28.663	0.1897451727	0.59	0.56	0.62	0.64	0.76	0.6	0.26	0.36	0.44	0.38	0.51	0.61	26	Máquinas e Equipamentos	1	Vila Maria
-51.671	-29.05	0.010936112	1.33	0.82	3.66	1.8	6.12	1.64	1.52	0.54	1.56	0.27	2.74	2.86	74	Material Elétrico	1	Bento Gonçalves
-51.605	-29.368	0.0454942261	1.52	4.09	3.33	10.72	5.62	1.27	1.02	0.62	3.46	1.03	6.2	2.49	65	Material Elétrico	1	Carlos Barbosa
-50.975	-28.831	0.362422753	28.65	22.63	45.86	60.55	74.5	30.77	16.79	13.76	30.43	18.51	34.66	40.68	144	Material Elétrico	14	Caxias do Sul
-51.684	-29.212	0.0087488896	0.28	3.53	1	3.98	7.95	0.28	0.03	2.69	0.16	2.59	2.43	0.29	41	Material Elétrico	1	Garibaldi
-51.944	-29.739	0.0503061154	3.84	2.19	5.51	5.02	6.8	4.04	0.66	1.9	1.14	1.01	1.35	5.04	76	Material Elétrico	1	Venâncio Aires
-51.055	-28.864	3250.08778017	31823.62	29526.51	33584	35894.74	48414.89	31977.99	11310	16533.87	21436.36	17849.96	26101.94	33171.88	66	Metalurgica	1	Caxias do Sul
-51.939	-28.924	1702.42693247	22683.11	19409.87	25752.82	32239.33	57041.19	22907.56	11583.99	15236.07	17677.41	15986.59	18978.18	24907.26	70	Metalurgica	1	Guaporé
-51.625	-29.016	1519.52155956	182902	95021.27	233132.4	83961.86	326459.4	192010.6	24247.48	34075.68	69495.88	35851.04	23322.18	226289.8	47	Metalurgica	2	Veranópolis
-50.911	-28.801	0.8564935248	15.42	13.3	17.33	20.73	21.66	15.56	7.81	9.71	10.4	10.03	10.56	16.84	38	Minerais não-Metálicos	1	Caxias do Sul
-51.383	-29.065	0.4872496497	114.84	142.31	33.9	156.35	25.65	100.17	13.26	85.33	16.66	76.42	49.14	44.92	49	Minerais não-Metálicos	1	Farroupilha
-51.851	-28.642	0.2188816786	0.73	0.74	0.86	1.17	1.69	0.74	0.52	0.64	0.71	0.66	0.74	0.82	27	Minerais não-Metálicos	2	Paraí
-52.32	-28.82	0.0019033189	0.58	0.04	0.63	0.05	2.9	0.58	0.28	0.35	0.41	0.36	0.48	0.04	43	Minerais não-Metálicos	1	Soledade
-51.324	-28.956	0.0086218838	1.73	1.04	2.02	1.51	2.09	1.76	0.73	0.49	1.19	0.68	1.06	1.98	176	Mobiliário	3	Antônio Prado
-51.481	-29.126	0.1427183033	3.94	15.43	29.74	43.94	100.34	5.82	18.14	9.43	8.85	4.05	45.89	16.98	46	Mobiliário	21	Bento Gonçalves
-51.001	-28.823	0.0412805344	0.61	0.55	0.68	1.52	2.11	0.62	0.3	0.37	0.41	0.38	0.46	0.66	143	Mobiliário	8	Caxias do Sul
-51.967	-29.474	0.0031678891	0.75	1.55	0.4	2.16	3.23	0.56	0.11	0.92	0.39	1.01	0.8	0.27	75	Mobiliário	1	Estrela
-51.384	-29.063	0.0114631864	2.59	3.21	0.76	3.53	0.58	2.26	0.3	1.92	0.38	1.72	1.11	1.01	49	Mobiliário	5	Farroupilha
-51.33	-29.063	0.0359245157	1.95	3.58	2.74	7.43	4.37	1.72	0.78	0.89	2.45	1	4.34	2.19	84	Mobiliário	3	Flores da Cunha
-51.688	-29.208	0.0206402672	0.85	10.6	2.99	11.93	23.86	0.84	0.08	8.07	0.47	7.75	7.3	0.86	41	Mobiliário	5	Garibaldi
-51.405	-28.534	0.0211954643	0.03	0.03	0.03	0.04	0.05	0.03	0.01	0.01	0.02	0.01	0.02	0.03	20	Mobiliário	8	Lagoa Vermelha
-51.687	-29.095	0.0146963928	1.4	0.57	2.24	1.28	2.39	1.51	0.22	0.32	0.87	0.34	0.13	2.05	39	Mobiliário	1	Monte Belo do Sul
-51.888	-29.171	0.0065317301	0.86	3.5	0.88	4.81	7.43	0.86	0.13	2.09	0.62	2.31	1.55	0.33	56	Mobiliário	1	Muçum
-51.848	-28.676	0.0031025718	0.02	0.01	0.02	0.02	0.03	0.02	0.01	0.01	0.01	0.01	0.01	0.02	52	Mobiliário	1	Nova Araçá
-51.499	-28.817	0.0150229793	0.07	0.02	0.08	0.11	0.14	0.07	0.04	0.05	0.05	0.05	0.05	0.08	45	Mobiliário	1	Nova Prata
-51.851	-28.642	0.0008164663	0	0	0	0	0	0	0	0	0	0	0	0	0	Mobiliário	1	Paraí
-51.169	-28.938	0.0031025718	0.34	0.55	0.64	0.97	1.33	0.36	0.29	0.34	0.31	0.27	0.62	0.52	164	Mobiliário	3	São Marcos
-51.901	-29.764	0.0045722111	0.34	0.41	0.19	0.55	0.44	0.32	0.07	0.14	0.15	0.12	0.35	0.23	98	Mobiliário	1	Taquari
-50.195	-28.839	1.6900361829	23.82	21.15	26.3	61.79	76.01	24	11.59	14.57	16.48	15.13	17.77	25.66	172	Papel e Papelão	1	Cambará do Sul
-51.049	-28.852	2.4411633753	23.91	22.18	25.23	26.97	36.37	24.03	8.5	12.42	16.11	13.41	19.61	24.92	66	Papel e Papelão	1	Caxias do Sul
-51.543	-29.015	0.748873065	29.24	60	78.86	172.01	119.52	33.76	17.27	14.53	66	25.13	100.1	59.42	74	Plásticos e borracha	4	Bento Gonçalves
-51.608	-29.37	0.107365314	3.67	9.89	8.05	25.9	13.58	3.07	2.46	1.49	8.37	2.48	14.98	6.01	65	Plásticos e borracha	1	Carlos Barbosa
-51.017	-28.839	1.512777274	14.8	13.73	15.61	16.69	22.51	14.87	5.26	7.69	9.97	8.3	12.14	15.42	66	Plásticos e borracha	18	Caxias do Sul
-51.363	-29.086	0.0617350555	14.37	6.8	16.56	3.31	22.09	15.19	0.94	5.85	8.59	7.95	1.65	16.55	60	Plásticos e borracha	2	Farroupilha
-51.685	-29.211	0.053682657	2.13	26.5	7.47	29.83	59.64	2.1	0.21	20.18	1.19	19.38	18.26	2.16	41	Plásticos e borracha	1	Garibaldi
-51.922	-28.943	0.0842817715	1.12	0.96	1.27	1.59	2.81	1.13	0.57	0.75	0.87	0.79	0.94	1.23	70	Plásticos e borracha	1	Guaporé
-52.228	-28.501	0.5851409612	0.32	0.28	1.1	0.48	0.68	0.33	0.1	0.14	0.18	0.15	0.23	1.06	22	Plásticos e borracha	2	Marau
-51.693	-29.669	0.1771527681	32.57	44.9	11.64	62.95	31.99	28.74	8.83	25.2	7	22.93	25.36	18.08	75	Plásticos e borracha	1	Montenegro
-51.528	-28.76	0.1379644285	0.7	0.61	0.8	1.02	1.32	0.71	0.39	0.44	0.46	0.45	0.49	0.77	45	Plásticos e borracha	1	Nova Prata
-51.652	-29.422	0.17	5.94	16.03	13.04	41.99	22	4.99	3.98	2.41	13.56	4.02	24.27	9.73	65	Plásticos e borracha	1	Salvador do Sul
-52.33	-29.671	0.3612842815	16.67	33.66	29.84	75.58	43.17	16.68	7.78	7.94	25.77	9.7	44.24	23.81	87	Plásticos e borracha	2	Santa Cruz do Sul
-51.981	-29.663	0.0869659043	13.74	8.79	15.61	8.59	23.37	13.95	2.85	6.47	8.97	7.67	5.41	15.42	140	Plásticos e borracha	1	Venâncio Aires
-51.612	-29.373	131.9038301294	4570.57	12324.2	10026.7	32279.81	16918.27	3830.97	3061.36	1856.45	10425.71	7364.13	18661.05	7484.21	65	Produtos de Metal	4	Carlos Barbosa
-50.803	-28.963	92.1617903194	6219.07	6750.01	6059.01	10572.57	9437.52	6050.47	1470.13	3108.41	607.87	2791.54	6213.62	5654.33	282	Produtos de Metal	21	Caxias do Sul
-51.366	-29.076	28.7732368224	6665.12	3153.85	7680.47	1534.99	10245.28	7041.5	436.56	2713.62	3982.41	3686.03	764.66	7674.13	60	Produtos de Metal	1	Farroupilha
-51.323	-29.061	0.7948407962	185.17	89.27	194.73	48.4	277.79	187.17	12.43	78.22	107.44	101.38	24.69	203.73	65	Produtos de Metal	1	Flores da Cunha
-51.687	-29.209	43.6765017512	16999.81	21136.59	5957.35	23798.18	47576.75	1676.67	168.47	16094.37	946.88	15456.39	14563.3	1721.15	38	Produtos de Metal	3	Garibaldi
-51.817	-29.363	11.0482870672	1324.93	4243.75	1869.58	5582.31	9592.69	1323.41	310.17	2800.97	1024.14	2880.11	2896.57	1333.66	82	Produtos de Metal	1	Imigrante
-51.962	-29.419	0.3974203981	31.44	70.17	63.76	135.82	179.87	25.38	34.68	42.24	28.22	29.38	84.99	45.52	97	Produtos de Metal	1	Lajeado
-52.308	-29.668	46.6571547369	2152.3	4346.25	3852.37	9759.12	5574.75	2153.87	1004.85	1025.36	3327.45	1252.88	5712.11	3074.38	87	Produtos de Metal	1	Santa Cruz do Sul
-51.611	-29.005	12.8366788586	1545.17	802.75	1969.52	709.32	2757.96	1622.12	204.85	287.87	587.11	302.87	197.03	1911.72	47	Produtos de Metal	1	Veranópolis
-51.461	-28.857	7.0740830862	97.18	323.06	83.57	746.25	597.32	82.88	91.35	106.32	145.87	117.23	177.03	62.05	32	Produtos de Metal	1	Vila Flores
-51.539	-29.028	39.12339516	10631.59	5562.94	9839.71	3200.89	12329.8	10795.87	360.02	4610.83	4972.94	5913.65	871.99	10952.29	53	Produtos Diversos	1	Bento Gonçalves
-50.968	-28.803	1343.23656716	24488.98	21290.27	27311.84	71163.66	49337.06	24687.85	12256.08	15073.03	16114.13	15528.75	17182.14	26585.88	45	Produtos Diversos	2	Caxias do Sul
-51.913	-28.947	743.34450804	9904.32	8475.09	11244.67	14076.93	24906.38	10002.32	5058.02	6652.65	7718.64	6980.36	8286.6	10875.46	70	Produtos Diversos	9	Guaporé
-51.476	-29.017	97.8084879	7631.77	10803.14	4812.43	17264.67	7686.68	7048.42	1949.52	3384.66	5125.33	2357.96	10443.87	4939.39	89	Produtos Diversos	1	Nova Roma do Sul
-52.331	-29.544	326.028293	40921.23	10955.95	75621.76	44208.64	130933.2	41262.71	12097.05	15325.49	49022.05	24365.77	26490.26	64885.09	58	Produtos Diversos	1	Santa Cruz do Sul
-52.299	-28.874	108.241393276	5091.93	9520.36	10120.71	21063.18	15512.42	5458.04	2277.9	2577.4	8174.9	3661.68	12229.38	8384.11	105	Produtos Diversos	5	Soledade
-51.848	-29.466	46.948074192	11556	4276.34	16935.13	5226.27	19290.34	11635.84	6220.06	1598	8975.84	3260.95	8405.2	16127.23	97	Produtos Diversos	2	Teutônia
-51.967	-29.419	340.6409578845	26922.07	60075.54	54591.63	116285.68	154001.23	21731.19	29689.26	36168.93	24166.04	25187.04	72765.28	38973.21	97	Química	1	Arroio do Meio
-51.02	-28.839	126.750123864	1241.09	1151.5	1309.74	1399.86	1888.13	1247.11	2593.62	644.8	1443.86	696.13	740.17	1293.67	66	Química	3	Caxias do Sul
-51.859	-29.243	227.093971923	24796.16	33340.26	9842.48	32458.99	26486.1	22802.29	4775.89	9358.19	6029.28	5892.09	23875.03	13286.76	56	Química	1	Encantado
-51.971	-29.496	105.62510322	10185.9	26958.23	5738.38	49248.45	30306.76	7705.5	6970.71	14529.95	2006.2	10183.01	22247.37	2883.2	49	Química	1	Estrela
-51.689	-29.66	385.531626753	70212.35	96793.21	25084.76	135700.1	68966.62	61951.02	19026.61	54319.47	15086.43	49419.47	54674.6	38977.44	75	Química	2	Montenegro
-51.867	-29.278	14.083347096	2403.47	1958.67	1503.98	531.55	3920.45	2347.53	281.41	367.65	144.99	740.03	660.95	1807.55	39	Química	1	Roca Sales
-51.905	-29.744	66.0156895125	4772.98	4661.99	7513.39	11225.54	12555.79	4809.56	1354.93	2238.84	5290.24	3063.33	6534.8	6579.24	138	Química	1	Taquari
-51.758	-29.805	249.979410954	45526.15	62761.39	16265.14	87988.9	44718.48	40169.48	12336.98	89172.94	9782.15	32016.94	35451.4	25273.25	75	Química	3	Triunfo
-51.1	-28.843	1.7883980509	17.51	16.25	18.48	19.75	26.65	17.59	6.22	9.1	11.79	9.82	14.36	18.26	66	Têxtil	3	Caxias do Sul
-51.416	-29.058	0.7127673391	168.37	208.65	49.71	229.23	37.6	146.87	19.44	125.1	28.43	112.05	72.05	65.86	49	Têxtil	1	Farroupilha
-50.807	-28.866	0.0817876031	16.05	5.41	22.16	4.08	34.07	16.19	2595.27	5.99	12.4	9.24	3.59	21.19	56	Transporte	2	Caxias do Sul
-51.701	-29.455	0.0348032354	8.98	3.32	13.17	4.06	15	9.05	4.84	1.24	6.98	2.54	6.53	12.54	90	Transporte	1	Brochier
-51.571	-29.045	0.0294029914	1.14	2.34	2.96	6.71	4.66	1.32	0.67	0.57	2.58	0.98	3.91	2.32	74	Veículos Automotores	1	Bento Gonçalves
-50.805	-28.931	3.0814334992	615.7	207.55	850.27	156.61	1307.06	621.18	63.04	229.85	475.88	354.43	137.89	812.93	56	Veículos Automotores	25	Caxias do Sul
-51.958	-29.472	0.0100623571	2.25	4.65	1.2	6.47	9.69	1.67	0.33	2.75	1.17	3.02	2.41	0.8	75	Veículos Automotores	1	Estrela
-51.349	-29.056	0.0867714946	4.67	8.6	6.58	17.83	10.5	4.14	1.86	2.15	5.89	2.39	10.42	5.24	84	Veículos Automotores	3	Flores da Cunha
-52.257	-28.381	0.0026135992	0	0	0	0	0	0	0	0	0	0	0	0	0	Veículos Automotores	1	Passo Fundo
-51.174	-28.936	0.1346003607	12.43	20.28	23.63	35.85	49.27	13.33	10.61	12.43	11.53	10.09	22.83	19.36	164	Veículos Automotores	3	São Marcos
-51.613	-29.382	0.0148234894	0.51	1.36	1.11	3.57	1.87	3.13	0.34	0.21	1.15	0.34	2.07	0.83	65	Vestuário	1	Barão
-51.6	-29.045	0.0679011448	2.71	5.56	9.99	15.94	11.08	0.42	1.6	1.34	6.11	2.33	9.27	5.51	74	Vestuário	2	Bento Gonçalves
-51.037	-28.833	0.2988606728	2.93	2.72	3.09	3.31	4.46	2.94	1.04	1.52	1.97	1.64	2.4	3.05	66	Vestuário	6	Caxias do Sul
-51.404	-29.055	0.0478177076	7.2	13.91	3.31	15.28	2.51	9.79	1.3	8.34	1.63	7.47	4.8	4.39	90	Vestuário	1	Farroupilha
-51.921	-28.941	0.0325160412	0.44	0.37	0.5	0.62	1.1	0.44	0.22	0.29	0.34	0.31	0.37	0.48	70	Vestuário	1	Guaporé
-52.312	-29.667	0.0308424214	1.35	2.72	2.41	6.11	3.49	1.35	0.63	0.64	2.08	0.78	3.57	1.92	87	Vestuário	1	Santa Cruz do Sul

