Longitude	Latitude	TA t/ano	ta01	ta02	ta03	ta04	ta05	ta06	ta07	ta08	ta09	ta10	ta11	ta12	Setor_industrial	Municipio	Metros	Número de Indústrias
-51.28	-28.92	0.22	15.54	6.70	24.99	27.20	22.78	15.60	2.94	4.33	5.28	4.62	6.02	21.61	Alimentos	Antônio Prado	56.00	2.00
-51.95	-29.42	0.21	25.01	15.59	67.33	34.07	123.68	30.72	27.50	10.19	28.98	5.10	50.54	52.92	Alimentos	Arroio do Meio	75.00	1.00
-51.65	-29.09	0.29	27.98	11.37	44.77	25.57	47.73	30.17	4.44	6.45	17.32	6.83	2.62	41.04	Alimentos	Bento Gonçalves	39.00	2.00
-50.71	-28.80	0.06	0.92	0.82	1.00	1.85	18.85	0.92	0.44	0.53	0.58	0.55	0.70	0.98	Alimentos	Bom Jesus	139.00	1.00
-51.31	-29.09	0.52	65.91	31.83	85.53	25.88	117.84	69.53	8.56	12.06	23.04	12.69	6.58	83.07	Alimentos	Caxias do Sul	41.00	2.00
-51.98	-29.54	0.04	169.65	12.45	102.12	19.15	18.21	13.35	3.84	5.91	8.57	7.84	52.47	9.90	Alimentos	Cruzeiro do Sul	124.00	1.00
-51.88	-29.21	1.16	77.03	23.89	147.78	136.21	121.47	84.59	16.22	24.27	29.41	25.90	20.66	128.84	Alimentos	Encantado	38.00	2.00
-51.38	-29.07	0.05	12.09	14.98	3.57	16.46	2.70	10.54	1.40	8.98	1.75	8.04	5.17	4.73	Alimentos	Farroupilha	49.00	1.00
-51.68	-29.21	1.34	52.28	650.03	183.21	731.88	1463.17	51.56	5.18	494.96	29.12	475.34	447.88	52.93	Alimentos	Garibaldi	41.00	2.00
-51.95	-29.46	1.17	120.93	50.57	185.42	89.33	214.72	129.86	18.08	26.16	61.53	27.67	8.92	172.08	Alimentos	Lajeado	39.00	2.00
-51.68	-29.66	0.06	10.64	14.66	3.80	20.56	10.45	9.38	2.88	8.23	2.29	7.49	8.28	5.90	Alimentos	Montenegro	75.00	1.00
-51.64	-29.42	0.06	2.02	5.46	4.44	14.29	7.49	1.70	1.36	0.82	4.62	1.37	8.26	3.31	Alimentos	Salvador do Sul	65.00	1.00
-52.25	-29.59	0.35	43.98	11.77	81.27	47.51	140.72	44.35	13.00	16.47	52.69	26.19	28.47	69.74	Alimentos	Santa Cruz do Sul	58.00	1.00
-51.98	-29.67	0.07	10.31	6.59	11.70	6.44	17.53	10.46	2.14	4.85	6.73	5.76	8.12	11.56	Alimentos	Venâncio Aires	140.00	1.00
-51.78	-29.46	0.63	155.43	57.52	227.79	70.30	259.46	156.51	83.66	21.49	120.73	43.86	113.05	216.92	Alimentos	Westfália	97.00	1.00
-51.95	-29.43	2.67	277.13	115.88	424.90	204.70	492.04	297.58	41.42	59.94	138.04	63.42	20.44	394.32	Couros	Arroio do Meio	39.00	1.00
-51.68	-29.09	0.47	45.12	18.34	72.19	41.24	76.96	48.65	7.15	10.40	57.76	11.02	4.23	66.17	Couros	Bento Gonçalves	39.00	1.00
-51.10	-29.04	0.71	85.05	19.78	195.08	64.49	327.23	99.55	19.78	32.18	29.50	56.64	42.73	166.61	Couros	Caxias do Sul	44.00	2.00
-51.86	-29.25	1.04	113.18	152.18	44.93	148.16	120.90	104.08	21.80	42.72	81.10	26.90	108.98	60.65	Couros	Encantado	56.00	1.00
-51.39	-29.07	33.88	8013.72	9930.57	2365.71	10910.27	1789.84	6990.26	925.22	5953.90	1423.76	5332.97	3429.20	3134.55	Couros	Farroupilha	49.00	3.00
-51.25	-28.95	0.11	17.70	15.17	17.76	22.73	26.95	17.88	6.85	8.43	7.77	9.56	10.39	17.79	Couros	Flores da Cunha	510.00	1.00
-51.93	-29.43	10.58	1098.26	459.24	1683.91	811.25	1949.96	1179.32	164.17	237.55	547.04	251.31	81.03	1562.71	Couros	Lajeado	39.00	2.00
-52.26	-28.49	6.51	1.42	1.24	1.60	2.06	2.94	1.44	0.46	0.64	0.83	0.69	1.05	1.55	Couros	Marau	36.00	1.00
-51.69	-29.66	2.76	503.20	693.70	179.78	972.54	494.27	443.99	136.36	389.30	108.12	354.18	391.85	279.35	Couros	Montenegro	71.00	2.00
-51.84	-28.68	0.05	0.21	0.18	0.24	0.31	0.41	0.22	0.12	0.14	0.15	0.15	0.16	0.23	Couros	Nova Araçá	56.00	1.00
-51.53	-28.76	0.39	1.98	1.71	2.25	2.87	3.73	2.01	1.09	1.25	1.30	1.27	1.39	2.18	Couros	Nova Prata	45.00	1.00
-51.85	-29.47	0.13	30.55	11.30	44.77	13.82	50.99	30.76	16.44	4.22	23.73	8.62	22.22	42.63	Couros	Teutônia	90.00	1.00
-51.05	-28.85	0.02	0.18	0.17	0.19	0.20	0.27	0.18	0.06	0.09	0.12	0.10	0.15	0.19	Equipamentos de precisão	Caxias do Sul	66.00	3.00
-52.33	-29.57	0.01	0.98	0.25	1.70	0.99	2.93	0.92	0.27	0.86	1.09	0.54	0.59	1.45	Equipamentos de precisão	Santa Cruz do Sul	58.00	1.00
-52.27	-29.55	3.28	874.25	209.78	1447.32	230.33	1001.85	1017.54	524.29	77.59	787.66	176.37	507.38	1389.54	Fumo	Santa Cruz do Sul	66.00	6.00
-52.01	-29.64	2.40	296.07	76.32	642.71	235.31	1093.73	342.70	72.25	114.73	402.96	194.03	154.41	552.05	Fumo	Venâncio Aires	47.00	7.00
-51.53	-29.07	0.00	0.00	0.00	0.00	0.00	0.00	0.00	0.00	0.00	0.00	0.00	0.00	0.00	Gráfica	Bento Gonçalves	0.00	1.00
-51.05	-28.86	0.00	0.00	0.00	0.00	0.00	0.00	0.00	0.00	0.00	0.00	0.00	0.00	0.00	Gráfica	Caxias do Sul	0.00	1.00
-51.84	-28.71	0.00	0.00	0.00	0.00	0.00	0.00	0.00	0.00	0.00	0.00	0.00	0.00	0.00	Gráfica	Serafina Corrêa	0.00	1.00
-50.20	-28.84	0.02	0.31	0.27	0.34	0.80	0.98	0.31	0.15	0.19	0.21	0.20	0.23	0.33	Madeira	Cambará do Sul	172.00	1.00
-51.69	-29.21	0.00	0.00	0.00	0.00	0.00	0.00	0.00	0.00	0.00	0.00	0.00	0.00	0.00	Madeira	Garibaldi	0.00	1.00
-51.90	-29.75	0.02	1.58	1.55	2.49	3.72	4.17	1.60	0.45	0.74	1.76	1.02	2.17	2.18	Madeira	Taquari	129.00	2.00
-51.61	-29.39	0.30	10.24	27.62	22.47	72.35	37.92	8.59	6.86	4.16	23.37	6.92	41.83	16.78	Máquinas e Equipamentos	Barão	65.00	1.00
-51.63	-29.07	0.69	83.40	51.46	229.17	113.09	383.81	102.88	95.30	33.70	98.01	16.61	171.80	179.20	Máquinas e Equipamentos	Bento Gonçalves	74.00	5.00
-50.97	-28.81	4.25	77.46	67.34	86.39	225.09	156.05	78.09	38.77	47.68	50.97	49.12	54.35	84.09	Máquinas e Equipamentos	Caxias do Sul	45.00	34.00
-51.42	-29.06	0.35	82.89	102.72	24.47	112.85	18.51	72.31	9.57	61.59	12.03	55.16	35.47	32.42	Máquinas e Equipamentos	Farroupilha	49.00	3.00
-51.69	-29.21	0.02	0.99	12.36	3.48	13.92	27.83	0.98	0.10	9.42	0.55	9.04	8.52	1.01	Máquinas e Equipamentos	Garibaldi	41.00	1.00
-51.80	-28.91	0.21	3.50	3.04	3.92	4.71	6.79	2.85	1.76	2.21	2.42	2.29	2.45	3.81	Máquinas e Equipamentos	Guaporé	56.00	1.00
-52.24	-28.52	0.31	0.51	0.46	0.57	0.69	0.87	0.52	0.16	0.23	0.31	0.25	0.39	0.55	Máquinas e Equipamentos	Marau	24.00	1.00
-51.69	-29.66	0.60	108.35	149.37	38.71	209.41	106.43	95.60	29.36	83.83	23.28	76.26	84.37	60.15	Máquinas e Equipamentos	Montenegro	75.00	2.00
-51.48	-29.02	0.05	6.19	6.74	4.86	10.10	10.46	6.25	2.42	3.96	2.99	3.91	5.39	5.15	Máquinas e Equipamentos	Nova Roma do Sul	241.00	1.00
-52.33	-29.55	0.08	9.62	2.58	17.78	10.39	30.78	9.70	2.84	3.60	11.53	5.73	6.23	15.25	Máquinas e Equipamentos	Santa Cruz do Sul	58.00	2.00
-51.17	-28.88	0.06	2.51	0.87	4.99	9.00	3.32	2.75	0.74	1.13	1.42	1.21	2.41	4.27	Máquinas e Equipamentos	São Marcos	48.00	1.00
-51.11	-28.53	0.08	0.09	0.08	0.10	0.13	0.17	0.09	0.03	0.04	0.05	0.04	0.07	0.10	Máquinas e Equipamentos	Vacaria	34.00	1.00
-52.12	-29.61	0.48	105.04	181.88	65.84	248.87	351.57	105.56	23.06	100.04	68.20	114.15	89.45	49.89	Máquinas e Equipamentos	Venâncio Aires	98.00	2.00
-51.63	-29.02	0.42	50.96	26.48	64.96	23.40	90.96	53.50	6.76	9.49	19.36	9.99	6.50	63.05	Máquinas e Equipamentos	Veranópolis	47.00	4.00
-51.45	-28.86	0.23	7.02	6.29	7.63	24.64	19.73	7.15	3.02	3.63	4.82	3.99	5.85	7.28	Máquinas e Equipamentos	Vila Flores	32.00	1.00
-52.10	-28.66	0.07	0.23	0.22	0.24	0.25	0.29	0.23	0.10	0.14	0.17	0.15	0.20	0.24	Máquinas e Equipamentos	Vila Maria	26.00	1.00
-51.67	-29.05	0.05	6.21	3.83	17.07	8.42	28.58	7.66	7.10	2.51	7.30	1.24	12.79	13.34	Material Elétrico	Bento Gonçalves	74.00	1.00
-51.61	-29.37	0.21	7.46	20.12	16.37	52.70	27.62	6.25	5.00	3.03	17.02	5.04	30.47	12.22	Material Elétrico	Carlos Barbosa	65.00	1.00
-50.98	-28.83	1.71	135.13	106.76	216.33	285.64	351.41	145.13	79.20	64.90	143.55	87.32	163.49	191.88	Material Elétrico	Caxias do Sul	144.00	14.00
-51.68	-29.21	0.04	1.56	19.43	5.48	21.88	43.74	1.54	0.15	14.80	0.87	14.21	13.39	1.58	Material Elétrico	Garibaldi	38.00	1.00
-51.94	-29.74	0.24	17.85	10.18	25.56	23.29	31.59	18.75	3.08	4.40	5.29	4.68	6.25	23.40	Material Elétrico	Venâncio Aires	76.00	1.00
-51.06	-28.86	5.84	57.22	53.09	60.38	64.54	87.05	57.50	20.34	29.73	38.54	32.09	46.93	59.64	Metalurgica	Caxias do Sul	66.00	1.00
-51.94	-28.92	3.06	40.80	34.91	46.32	57.99	102.61	44.06	20.84	27.41	31.80	28.75	34.14	44.80	Metalurgica	Guaporé	70.00	1.00
-51.63	-29.02	2.73	329.07	173.95	419.44	151.06	587.36	345.46	43.62	61.31	125.04	64.50	41.96	407.13	Metalurgica	Veranópolis	47.00	2.00
-50.91	-28.80	0.05	0.92	0.79	1.03	1.24	1.29	0.93	0.47	0.58	0.62	0.60	0.63	1.00	Minerais não-Metálicos	Caxias do Sul	38.00	1.00
-51.38	-29.07	0.03	6.91	8.56	2.04	9.40	1.54	6.03	0.80	5.13	1.00	4.60	2.96	2.70	Minerais não-Metálicos	Farroupilha	49.00	1.00
-51.85	-28.64	0.01	0.05	0.05	0.06	0.08	0.11	0.05	0.03	0.04	0.05	0.04	0.05	0.05	Minerais não-Metálicos	Paraí	27.00	2.00
-52.32	-28.82	0.00	0.00	0.00	0.00	0.00	0.00	0.00	0.00	0.00	0.00	0.00	0.00	0.00	Minerais não-Metálicos	Soledade	0.00	1.00
-51.32	-28.96	0.01	3.47	2.07	4.04	3.02	4.18	3.52	1.47	0.97	2.38	1.35	2.11	3.96	Mobiliário	Antônio Prado	176.00	3.00
-51.48	-29.13	0.24	6.57	25.72	49.56	73.24	167.23	9.69	30.24	15.72	14.75	6.74	76.49	28.29	Mobiliário	Bento Gonçalves	46.00	21.00
-51.00	-28.82	0.07	1.06	0.94	1.17	2.62	3.65	1.07	0.52	0.64	0.71	0.53	0.79	0.90	Mobiliário	Caxias do Sul	143.00	8.00
-51.97	-29.47	0.01	0.75	1.55	0.40	2.16	3.23	0.56	0.11	0.92	0.39	1.01	0.80	0.27	Mobiliário	Estrela	75.00	1.00
-51.38	-29.06	0.02	4.31	5.35	1.27	5.88	0.97	3.76	0.83	3.21	0.63	2.87	1.84	1.69	Mobiliário	Farroupilha	49.00	5.00
-51.33	-29.06	0.06	3.11	5.74	4.39	11.89	7.00	2.76	1.24	1.43	3.92	1.60	6.95	3.50	Mobiliário	Flores da Cunha	90.00	3.00
-51.69	-29.21	0.03	1.28	15.90	4.48	17.90	35.78	1.26	0.13	12.11	0.71	11.63	10.95	1.29	Mobiliário	Garibaldi	38.00	5.00
-51.41	-28.53	0.04	0.05	0.04	0.05	0.07	0.09	0.05	0.01	0.02	0.03	0.02	0.04	0.05	Mobiliário	Lagoa Vermelha	21.00	8.00
-51.69	-29.10	0.02	2.45	0.99	3.92	2.24	4.18	2.64	0.39	0.56	1.52	0.60	0.23	3.59	Mobiliário	Monte Belo do Sul	39.00	1.00
-51.89	-29.17	0.01	1.29	5.25	1.33	7.21	11.15	1.29	0.20	3.13	0.93	3.46	2.33	0.49	Mobiliário	Muçum	56.00	1.00
-51.85	-28.68	0.01	0.02	0.01	0.02	0.02	0.03	0.02	0.01	0.01	0.01	0.01	0.01	0.02	Mobiliário	Nova Araçá	56.00	1.00
-51.50	-28.82	0.03	0.02	0.11	0.15	0.19	0.24	0.13	0.07	0.08	0.09	0.08	0.09	0.14	Mobiliário	Nova Prata	45.00	1.00
-51.85	-28.64	0.00	0.00	0.00	0.00	0.00	0.00	0.00	0.00	0.00	0.00	0.00	0.00	0.00	Mobiliário	Paraí	0.00	1.00
-51.17	-28.94	0.01	0.34	0.55	0.64	0.97	1.33	0.36	0.29	0.34	0.31	0.27	0.62	0.52	Mobiliário	São Marcos	164.00	3.00
-51.90	-29.76	0.01	0.68	0.83	0.37	1.09	0.89	0.64	0.14	0.29	0.30	0.23	0.71	0.45	Mobiliário	Taquari	98.00	1.00
-50.26	-28.93	0.04	17.18	16.24	7.15	25.29	18.54	15.43	3.58	6.32	9.85	9.99	4.06	9.22	Papel e Papelão	Cambará do Sul	79.00	1.00
-51.05	-28.85	0.06	0.61	0.56	0.64	0.69	0.92	0.61	0.22	0.32	0.41	0.34	0.50	0.63	Papel e Papelão	Caxias do Sul	66.00	1.00
-51.54	-29.02	0.31	12.12	24.88	31.45	71.32	49.56	14.00	7.16	6.02	27.37	10.42	41.50	24.64	Plásticos e borracha	Bento Gonçalves	74.00	4.00
-51.61	-29.37	0.04	1.52	4.09	3.33	10.72	5.62	1.27	1.02	0.62	3.46	1.03	6.20	2.49	Plásticos e borracha	Carlos Barbosa	65.00	1.00
-51.02	-28.84	0.63	6.11	5.67	6.45	6.89	9.30	6.14	2.17	3.18	4.12	3.43	5.01	6.37	Plásticos e borracha	Caxias do Sul	62.00	18.00
-51.36	-29.09	0.03	5.92	2.80	6.82	1.36	9.10	6.25	0.39	2.41	3.54	3.27	0.68	6.81	Plásticos e borracha	Farroupilha	60.00	2.00
-51.69	-29.21	0.02	0.85	10.60	2.99	11.93	23.86	0.84	0.08	8.07	0.47	7.75	7.30	0.86	Plásticos e borracha	Garibaldi	41.00	1.00
-51.92	-28.94	0.03	0.49	0.42	0.55	0.69	1.22	0.49	0.25	0.33	0.38	0.34	0.41	0.53	Plásticos e borracha	Guaporé	66.00	1.00
-52.23	-28.50	0.24	0.27	0.12	0.15	0.20	0.28	0.14	0.04	0.06	0.08	0.06	0.10	0.15	Plásticos e borracha	Marau	22.00	2.00
-51.69	-29.67	0.07	13.29	18.33	4.75	25.69	13.06	11.73	3.60	10.29	2.86	9.36	10.35	7.38	Plásticos e borracha	Montenegro	75.00	1.00
-51.53	-28.76	0.06	0.30	0.26	0.34	0.43	0.56	0.30	0.16	0.19	0.19	0.19	0.21	0.33	Plásticos e borracha	Nova Prata	45.00	1.00
-51.65	-29.42	0.07	2.53	6.82	5.55	17.86	9.36	2.12	1.69	1.02	5.77	1.71	10.32	4.14	Plásticos e borracha	Salvador do Sul	65.00	1.00
-52.33	-29.67	0.15	6.90	13.94	12.36	31.30	17.88	6.91	3.22	3.29	10.67	4.02	18.32	9.86	Plásticos e borracha	Santa Cruz do Sul	87.00	2.00
-51.98	-29.66	0.04	5.73	3.66	6.50	3.58	9.74	5.81	1.19	2.69	3.74	3.20	2.26	6.42	Plásticos e borracha	Venâncio Aires	140.00	1.00
-51.61	-29.37	7.02	243.09	655.46	533.27	1716.80	899.80	203.75	162.82	98.74	554.49	164.32	992.49	398.05	Produtos de Metal	Carlos Barbosa	65.00	4.00
-50.80	-28.96	4.90	330.78	359.02	322.27	562.34	501.96	321.81	78.19	165.33	228.59	148.48	330.49	300.74	Produtos de Metal	Caxias do Sul	268.00	21.00
-51.37	-29.08	1.53	354.27	167.63	408.23	81.59	544.56	374.27	23.20	144.24	211.67	195.92	40.64	407.90	Produtos de Metal	Farroupilha	60.00	1.00
-51.32	-29.06	0.04	10.19	4.91	10.72	2.66	15.29	10.30	0.68	4.31	5.91	5.58	1.36	11.21	Produtos de Metal	Flores da Cunha	66.00	1.00
-51.69	-29.21	2.32	90.49	1125.19	317.13	1266.88	2532.71	89.26	8.97	856.77	50.41	822.81	775.27	91.62	Produtos de Metal	Garibaldi	41.00	3.00
-51.82	-29.36	0.59	70.47	225.72	99.44	296.91	510.22	70.39	16.50	148.98	54.47	153.19	154.06	70.93	Produtos de Metal	Imigrante	82.00	1.00
-51.96	-29.42	0.02	1.73	3.86	3.51	7.48	9.90	1.40	1.91	2.33	1.55	1.62	4.68	2.51	Produtos de Metal	Lajeado	97.00	1.00
-52.31	-29.67	2.48	114.49	231.20	575.69	519.14	296.55	114.58	53.45	54.54	177.01	66.65	303.86	163.54	Produtos de Metal	Santa Cruz do Sul	87.00	1.00
-51.61	-29.01	0.68	82.16	42.68	104.72	37.71	146.64	86.25	10.89	15.31	31.22	16.10	10.48	101.65	Produtos de Metal	Veranópolis	47.00	1.00
-51.46	-28.86	0.38	5.16	17.17	4.44	39.66	31.75	4.40	4.86	5.65	7.75	6.23	9.41	3.30	Produtos de Metal	Vila Flores	32.00	1.00
-51.54	-29.03	0.02	5.95	3.11	5.51	1.79	6.90	6.04	0.20	2.58	2.78	3.31	0.49	6.13	Produtos Diversos	Bento Gonçalves	53.00	1.00
-50.97	-28.80	0.74	13.51	11.74	15.07	39.25	27.22	13.62	6.76	8.31	8.89	13.37	9.48	14.67	Produtos Diversos	Caxias do Sul	45.00	2.00
-51.91	-28.95	0.41	5.50	4.70	6.24	7.81	13.82	5.55	2.81	3.69	4.28	3.87	4.60	6.03	Produtos Diversos	Guaporé	70.00	9.00
-51.48	-29.02	0.05	4.27	6.05	2.69	9.66	4.30	3.95	1.09	1.89	2.87	1.32	5.85	2.76	Produtos Diversos	Nova Roma do Sul	96.00	1.00
-52.33	-29.54	0.18	22.45	6.01	617.18	24.25	71.83	22.64	6.64	8.41	26.89	26.73	14.53	35.59	Produtos Diversos	Santa Cruz do Sul	58.00	1.00
-52.30	-28.87	0.06	2.75	5.14	5.46	11.36	8.37	2.94	1.23	1.39	4.41	1.98	6.60	4.52	Produtos Diversos	Soledade	105.00	5.00
-51.85	-29.47	0.03	6.29	2.33	9.22	2.84	10.50	6.33	3.39	0.87	4.89	1.77	4.57	8.78	Produtos Diversos	Teutônia	97.00	2.00
-51.97	-29.42	165.35	13068.13	29161.67	26499.69	56447.04	74754.80	10548.68	14411.66	17557.00	11730.60	12211.95	35321.48	18918.25	Química	Arroio do Meio	97.00	1.00
-51.02	-28.84	61.53	602.46	558.97	635.78	679.53	916.55	605.38	214.11	313.00	405.81	337.92	492.95	634.35	Química	Caxias do Sul	66.00	3.00
-51.86	-29.24	110.24	12036.61	16184.10	4777.76	15756.32	12856.94	11068.74	2318.32	4542.68	2926.75	2860.15	11589.47	6449.69	Química	Encantado	56.00	1.00
-51.97	-29.50	51.27	4944.41	13085.99	2785.51	23906.04	14711.42	3740.38	3383.70	7053.08	973.84	4943.01	10799.25	1399.55	Química	Estrela	53.00	1.00
-51.69	-29.66	187.14	34082.16	46984.91	12176.53	65870.90	33477.46	30071.98	9235.81	26367.50	7323.18	23988.97	26539.89	18920.25	Química	Montenegro	75.00	2.00
-51.87	-29.28	6.84	1166.85	950.90	730.16	258.06	1903.32	1139.69	136.62	178.49	70.39	359.27	320.88	877.54	Química	Roca Sales	39.00	1.00
-51.91	-29.74	32.05	2317.09	2263.20	3647.44	5449.53	6095.31	2334.84	657.76	1086.86	2568.19	1487.12	3172.37	3193.95	Química	Taquari	138.00	1.00
-51.76	-29.81	121.34	22.09902	30465.23	7895.32	42711.01	21706.93	19498.81	5988.54	17096.81	4748.39	15554.56	17208.59	12267.98	Química	Triunfo	75.00	3.00
-51.10	-28.84	2.10	20.55	19.07	21.69	23.18	31.26	20.65	7.30	10.68	13.84	11.53	16.86	21.42	Têxtil	Caxias do Sul	66.00	3.00
-51.42	-29.06	0.84	197.73	245.03	58.37	269.20	44.16	172.48	22.83	146.91	28.69	131.59	84.61	77.34	Têxtil	Farroupilha	49.00	1.00
-50.81	-28.87	0.31	62.01	20.90	85.63	15.77	131.64	62.56	6.35	23.15	47.93	35.69	13.89	81.87	Transporte	Caxias do Sul	56.00	2.00
-51.70	-29.46	0.13	32.34	11.97	47.40	14.63	53.99	32.57	17.41	4.47	25.12	9.13	23.53	45.14	Transporte	Brochier	97.00	1.00
-51.57	-29.05	0.06	2.14	4.39	5.55	12.59	8.75	2.47	1.26	1.06	4.83	1.84	7.32	4.35	Veículos Automotores	Bento Gonçalves	74.00	1.00
-50.81	-28.93	5.81	1160.64	391.24	1602.81	295.22	2463.91	1170.98	118.83	433.28	897.07	688.12	259.93	1532.43	Veículos Automotores	Caxias do Sul	53.00	25.00
-51.96	-29.47	0.02	3.76	7.75	1.99	10.79	16.15	2.78	0.54	4.58	1.96	5.03	4.02	1.34	Veículos Automotores	Estrela	75.00	1.00
-51.35	-29.06	0.16	8.76	16.13	12.34	33.43	19.68	7.76	3.49	4.03	11.04	4.49	19.55	9.83	Veículos Automotores	Flores da Cunha	90.00	3.00
-52.26	-28.38	0.00	0.00	0.00	0.00	0.00	0.00	0.00	0.00	0.00	0.00	0.00	0.00	0.00	Veículos Automotores	Passo Fundo	0.00	1.00
-51.17	-28.94	0.25	23.51	38.37	44.70	67.83	93.21	25.21	20.07	23.53	21.81	19.09	43.18	36.63	Veículos Automotores	São Marcos	164.00	3.00
-51.61	-29.38	0.00	0.13	0.34	0.28	0.89	0.47	0.11	0.08	0.05	0.29	0.09	0.52	0.21	Vestuário	Barão	65.00	1.00
-51.60	-29.05	0.01	0.43	0.88	1.11	2.51	1.74	0.49	0.26	0.22	0.97	0.37	1.47	0.87	Vestuário	Bento Gonçalves	74.00	2.00
-51.04	-28.83	0.04	18.84	0.39	0.45	0.48	0.66	21.08	0.16	0.22	0.29	0.24	0.35	0.45	Vestuário	Caxias do Sul	66.00	6.00
-51.40	-29.06	0.01	1.73	2.14	0.51	2.35	0.39	1.50	0.20	1.28	0.25	1.15	0.74	0.68	Vestuário	Farroupilha	49.00	1.00
-51.92	-28.94	0.00	0.05	0.04	0.06	0.07	0.12	0.05	0.02	0.03	0.04	0.03	0.04	0.05	Vestuário	Guaporé	66.00	1.00
-52.31	-29.67	0.00	0.17	0.34	0.30	0.76	0.44	0.17	0.08	0.08	0.26	0.10	0.45	0.24	Vestuário	Santa Cruz do Sul	87.00	1.00

