Trabalho	Região	kg_CO2_Eq	Produtividade	N	P	K	Ca	Defensivos	Ano	Sementes	Diesel
Cavalet	Nacional	0.238	2832	0	0.0119350282	0.0230932203	0.1324152542	0.0028248588	2004	0.0243644068	0.019279661
Raucci_a	Regional	0.164	3316	0.0024125452	0.025331725	0.0271411339	0.1004221954	0.0019330519	2007	0.0138721351	0.0075995175
Raucci_b	Regional	0.19	3157	0.0015837821	0.025974026	0.0281913209	0.1548938866	0.0022331327	2008	0.01678809	0.009578714
Raucci_c	Regional	0.202	3129	0.0022371365	0.024928092	0.0265260467	0.1403004155	0.0029018856	2009	0.0153403643	0.0072483221
Castanheira	Nacional	0.19	2940	0	0.0204081633	0.0204081633	0.0136054422	0.0013741497	2010	0	0.0145714286
Carvalho	Nacional	0.4379535559	2756	0	0.0239477504	0.0224963716	0.3628447025	0.0028301887	2010	0	0.0150580552
Maciel 	Regional	0.357	2970	0.00188	0.0205	0.0208	0.24	0.000973149	2012	0.0174	0.01423
Vládia 	Nacional	NA	2823	0.00022584	0.000107274	4.34742E-005	0	0.0214700794	2006	0.0214	0.000066
Mourad	Regional	NA	3228	0.0181	0.0181	0.0362	0.0362	0.0016	2006	0.023	0.0092
Marzullo	Nacional	NA	2880	0.00278	0.0278	0.0278	0.278	0.070594	2005	0.0208	0
Embrapa	Nacional	NA	2.83E+003	0.0282685512	0.0054416961	0.0134275618	0	2.45824020776886E-005	2006	2.68E-006	0.0058303887

