
IL 	temp 	tempo 	Conv	Selectivity	Yield	Homo	Lumo	Fukui_Eleto	Fukui_Nucleo	Hardness	Softness	Eletronegativity	Acidity	Basicity	Chemical_Potential	DeltaN1 	DeltaN2	Cation	Anion
bmimbf4	175	12	3.15	53.56	1.69	-10.582	0.951	0.035	0.002	5.766	0.173	5.044	2.297	6.080	-5.044	3.4502	0.9108	bmim	bf4
bmimbf4	140	24	4.31	81.54	3.51	-10.582	0.951	0.035	0.002	5.766	0.173	5.044	2.297	6.080	-5.044	3.4502	0.9108	bmim	bf4
bmimbf4	175	24	7.43	81.31	6.04	-10.582	0.951	0.035	0.002	5.766	0.173	5.044	2.297	6.080	-5.044	3.4502	0.9108	bmim	bf4
bmimbf4	175	48	6.03	68.47	4.13	-10.582	0.951	0.035	0.002	5.766	0.173	5.044	2.297	6.080	-5.044	3.4502	0.9108	bmim	bf4
bmimcl	175	12	1.39	24.58	0.34	-8.488	0.998	0.109	0.002	4.743	0.211	3.745	1.478	6.006	-3.744	4.0643	0.7894	bmim	cl
bmimcl	140	24	3.74	58.39	2.18	-8.488	0.998	0.109	0.002	4.743	0.211	3.745	1.478	6.006	-3.744	4.0643	0.7894	bmim	cl
bmimcl	175	24	7.46	53.02	3.96	-8.488	0.998	0.109	0.002	4.743	0.211	3.745	1.478	6.006	-3.744	4.0643	0.7894	bmim	cl
bmimcl	175	48	6.35	39.42	2.50	-8.488	0.998	0.109	0.002	4.743	0.211	3.745	1.478	6.006	-3.744	4.0643	0.7894	bmim	cl
bmimntf2	175	12	6.89	39.3	2.71	-10.796	0.854	0.034	0.004	5.825	0.172	4.971	2.121	6.825	-4.971	3.1406	0.8534	bmim	ntf2
bmimpf6	175	12	7.19	46.99	3.38	-10.379	0.868	0.041	0.003	5.623	0.178	4.755	2.011	6.650	-4.755	3.2695	0.8456	bmim	pf6
bpybf4	175	12	7.52	60.72	4.57	-10.830	0.494	0.028	0.024	5.662	0.177	5.168	2.359	6.202	-5.167	3.3571	0.9126	bpy	bf4
bpycl	175	12	7.73	53.44	4.13	-8.474	0.445	0.180	0.021	4.459	0.224	4.014	1.807	4.953	-4.014	4.7522	0.9001	bpy	cl
bpyntf2	175	12	7.43	34.54	2.57	-10.767	-0.496	0.051	0.021	5.135	0.195	5.631	3.088	4.682	-5.631	4.1710	1.0966	bpy	ntf2
bpypf6	175	12	7.57	41.4	3.13	-11.259	0.167	0.025	0.032	5.713	0.175	5.546	2.692	5.885	-5.545	3.4193	0.9706	bpy	pf6
dmbmimntf2	175	12	6.65	33.63	2.24	-10.506	0.955	0.028	0.002	5.731	0.174	4.775	1.990	6.877	-4.775	3.1703	0.8332	bmim	ntf2
dmbpyntf2	175	12	6.78	28.81	1.95	-11.102	0.274	0.019	0.032	5.688	0.176	5.414	2.576	5.935	-5.413	3.4051	0.9517	bpy	ntf2
emimbf4	175	12	9.22	83.3	7.68	-11.046	0.868	0.039	0.003	5.957	0.168	5.089	2.174	6.972	-5.088	3.0571	0.8541	emim	bf4
emimntf2	175	12	8.98	43.01	3.86	-11.265	0.770	0.039	0.004	6.017	0.166	5.248	2.288	6.899	-5.247	3.0498	0.8720	emim	ntf2
epybf4	175	12	7.65	63.72	4.87	-11.074	0.316	0.029	0.027	5.695	0.176	5.379	2.541	6.029	-5.379	3.3874	0.9445	epy	bf4
epyntf2	175	12	9.35	38.49	3.60	-11.447	0.036	0.047	0.025	5.742	0.174	5.706	2.835	5.777	-5.705	3.4377	0.9936	epy	ntf2
mbmimntf2	175	12	6.81	35.13	2.39	-10.673	0.945	0.035	0.002	5.809	0.172	4.864	2.036	6.937	-4.863	3.1236	0.8372	bmim	ntf2

