sem_lig	deltaG	EAS_c	NAS_c	RAS_c	Dual_c	Potential_c	EAS_p	NAS_p	RAS_p	Dual_p	Potential_p	EAS_chg	NAS_chg	RAS_chg	Dual_chg	Potential_chg
1hxw	-14.86	5.47783947	0.73757343	3.10770644	-4.74026604	1297.11469035	6.27249937	1.15314198	3.71282069	-5.11935739	1208.03764524	-0.7946599	-0.41556855	-0.60511425	0.37909135	89.07704511
1ohr	-11.94	3.90913119	1.16055079	2.53484103	-2.7485804	1358.08305375	4.44122579	2.03417917	3.23770252	-2.40704662	1307.53354516	-0.5320946	-0.87362838	-0.70286149	-0.34153378	50.54950859
2bpx	-12.9	3.09571863	4.11308614	3.60440237	1.01736751	1203.1524625	3.25604246	3.23652149	3.24628197	-0.01952097	1136.64855195	-0.16032383	0.87656465	0.3581204	1.03688848	66.50391055
2fdd	-15.74	8.67268353	2.84097494	5.75682923	-5.83170859	1529.15944973	7.99152174	3.79906971	5.89529571	-4.19245203	1470.46157778	0.68116179	-0.95809477	-0.13846648	-1.63925656	58.69787195
2i0d	-16.6	2.31218084	1.66923468	1.99070776	-0.64294616	1178.61222404	2.20395675	0.26935973	1.23665822	-1.93459702	1129.83009729	0.10822409	1.39987495	0.75404954	1.29165086	48.78212675
2q5k	-15.51	8.02614201	1.55935083	4.7927464	-6.46679118	1473.49063119	5.3845297	1.62505251	3.50479112	-3.75947719	1297.08388798	2.64161231	-0.06570168	1.28795528	-2.70731399	176.40674321
2z4o	-13.13	4.55419407	1.29165625	2.92292514	-3.26253782	1181.27092866	6.80303613	1.22928565	4.0161609	-5.57375048	1171.36633646	-2.24884206	0.0623706	-1.09323576	2.31121266	9.90459219999998
3h5b	-13.73	7.81507922	2.17259449	4.99383688	-5.64248473	1351.61512315	9.04561603	2.66398804	5.85480203	-6.38162799	1303.12630436	-1.23053681	-0.49139355	-0.86096515	0.73914326	48.48881879
3mxd	-12.12	3.88575816	1.10549687	2.49562751	-2.78026129	1025.61896573	4.56019993	1.17210392	2.86615191	-3.38809601	988.91821166	-0.67444177	-0.06660705	-0.3705244	0.60783472	36.70075407
3o9f	-17.43	7.09596313	0.86339216	3.97967763	-6.23257097	1246.86865977	7.16077295	1.73290282	4.44683786	-5.42787013	1185.80663324	-0.06480982	-0.86951066	-0.46716023	-0.80470084	61.06202653

