sem_lig	deltaG	Type	EAS_c	NAS_c	RAS_c	Dual_c	Potenrial_c	EAS_p	NAS_p	RAS_p	Dual_p	Potenrial_p	EAS_chg	NAS_chg	RAS_chg	Dual_chg	Potenrial_chg	EAS_cl	NAS_cl	RAS_cl	Dual_cl	Potenrial_cl
1hxw	-14.86	Active	13.8935	5.8647	9.8791	-8.0287	190997.1477	13.1920	11.1148	12.1534	-2.0772	181125.4413	0.7015	-5.2501	-2.2743	-5.9515	9871.7064	5.6073	2.2970	3.9522	-3.3102	57702.8154
1ohr	-11.94	Inactive	12.6592	16.0618	14.3605	3.4026	209424.0585	12.8821	13.6809	13.2815	0.7988	200467.9466	-0.2229	2.3809	1.0790	2.6038	8956.1119	3.6137	3.3128	3.4632	-0.3008	50883.2286
2bpx	-12.9	Inactive	9.4653	7.8771	8.6712	-1.5882	184501.9348	10.2127	11.0099	10.6113	0.7972	175915.8037	-0.7474	-3.1328	-1.9401	-2.3854	8586.1310	6.4020	2.1764	4.2892	-4.2257	55340.2564
2fdd	-15.74	Active	14.4224	10.7986	12.6105	-3.6238	222017.3883	13.8302	11.7231	12.7767	-2.1071	210876.0632	0.5922	-0.9246	-0.1662	-1.5167	11141.3251	3.4842	3.1197	3.3019	-0.3645	52554.1196
2i0d	-16.6	Active	11.5604	10.3905	10.9755	-1.1699	183899.0164	9.4726	12.1161	10.7944	2.6435	175387.1295	2.0878	-1.7256	0.1811	-3.8133	8511.8868	0.4451	0.5104	0.4778	0.0653	11752.0945
2q5k	-15.51	Active	16.6847	12.6243	14.6545	-4.0604	204500.6121	13.1385	12.5659	12.8522	-0.5726	194767.4581	3.5462	0.0584	1.8023	-3.4878	9733.1540	6.3831	3.3308	4.8570	-3.0524	55069.7670
2z4o	-13.13	Inactive	11.5834	12.0904	11.8369	0.5070	159349.6604	11.4425	13.4229	12.4327	1.9805	152016.3634	0.1409	-1.3326	-0.5958	-1.4735	7333.2970	3.7052	3.9401	3.8226	0.2348	44978.3052
3h5b	-13.73	Inactive	13.3573	10.6632	12.0103	-2.6941	202424.6495	14.8846	19.2725	17.0785	4.3879	193807.9208	-1.5272	-8.6092	-5.0682	-7.0820	8616.7288	4.4521	2.6371	3.5446	-1.8150	48227.4923
3mxd	-12.12	Inactive	9.7767	7.5600	8.6683	-2.2167	151772.3539	9.7860	9.1789	9.4824	-0.6071	144565.5910	-0.0093	-1.6189	-0.8141	-1.6097	7206.7629	3.6130	1.9967	2.8048	-1.6163	47223.3566
3o9f	-17.43	Active	12.2274	14.7931	13.5102	2.5657	184867.9225	11.2330	14.1093	12.6711	2.8764	176356.1268	0.9944	0.6837	0.8391	-0.3107	8511.7958	3.8541	4.3422	4.0982	0.4881	49634.9005
3nu3	-13.48	Inactive	7.5953	16.2741	11.9347	8.6788	176828.1037	7.4361	16.1623	11.7992	8.7262	169760.6166	0.1592	0.1118	0.1355	-0.0474	7067.4871	5.994003	12.998949	9.496476	7.004946	226.254721
3oxc	-11.54	Inactive	10.2136	4.8424	7.5280	-5.3713	188144.6377	10.9704	15.0455	13.0079	4.0751	178661.8775	-0.7567	-10.2031	-5.4799	-9.4464	9482.7602	4.4910	2.2123	3.3517	-2.2787	58867.2883
3o9g	-16.88	Active	9.9537	13.3588	11.6563	3.4050	211356.2732	11.4305	12.1263	11.7784	0.6958	201966.3695	-1.4768	1.2325	-0.1221	2.7093	9389.9037	2.6241	2.8047	2.7144	0.1807	58867.2883
4djr	-15.82	Active	12.8000	6.7052	9.7526	-6.0948	200839.4428	10.9578	13.4073	12.1826	2.4495	192181.4451	1.8422	-6.7021	-2.4300	-8.5443	8657.9978	4.6129	1.7308	3.1719	-2.8821	45029.1811
4u7v	-11.66	Inactive	12.7417	7.9501	10.3459	-4.7915	187227.8731	13.7987	12.1653	12.9820	-1.6334	179622.7669	-1.0570	-4.2152	-2.6361	-3.1581	7605.1061	3.1437	1.9335	2.5386	-1.2101	43567.1329
4djq	-14.16	Inactive	13.7751	13.4696	13.6223	-0.3055	224071.1672	15.9082	15.8119	15.8601	-0.0963	214245.5777	-2.1331	-2.3424	-2.2377	-0.2093	9825.5895	4.4172	2.8528	3.6350	-1.5644	47578.8738
