sem_lig	deltaG	Type	EAS_c	NAS_c	RAS_c	Dual_c	Potenrial_c	EAS_p	NAS_p	RAS_p	Dual_p	Potenrial_p	EAS_chg	NAS_chg	RAS_chg	Dual_chg	Potenrial_chg	EAS_cl	NAS_cl	RAS_cl	Dual_cl	Potenrial_cl
1hxw	-14.86	Active	5.48471313	0.73745048	3.11108178	-4.74726265	1327.44646887	6.09394973	1.15E+00	3.62E+00	1.21E+03	-0.6092366	-0.6092366	-1.2184732	-1.2184732	-1.2184732	-1.2184732	5.83985799	12.99410269	9.41698034	7.1542447	429.10444818
1ohr	-11.94	Inactive	3.19644561	1.16055079	2.1784982	-2.03589482	1317.85954566	4.27947426	2.03E+00	3.16E+00	1.31E+03	-1.08302865	-1.08302865	-2.1660573	-2.1660573	-2.1660573	-2.1660573	2.0206813	5.99021881	4.00545006	3.96953751	319.14826946
2bpx	-12.9	Inactive	3.13731437	4.11308614	3.62520027	0.97577177	1218.8053581	3.10E+00	3.24E+00	3.17E+00	1.13E+03	0.03436962	0.03436962	0.06873924	0.06873924	0.06873924	0.06873924	4.06087681	5.99226504	5.02657093	1.93138823	377.3812182
2fdd	-15.74	Active	9.62715943	2.84097494	6.2340672	-6.78618449	1529.06172503	8.04E+00	3.79906971	5.92E+00	1.46E+03	1.58241146	1.58241146	3.16482292	3.16482292	3.16482292	3.16482292	3.06170493	9.99039893	6.52605193	6.928694	369.49112527
2i0d	-16.6	Active	2.21853968	1.66923468	1.94388718	-0.549305	1169.4958348	2.60E+00	2.69E-01	1.43E+00	1.13E+03	-0.37921309	-0.37921309	-0.75842618	-0.75842618	-0.75842618	-0.75842618	3.97456757	6.9928039	5.48368573	3.01823633	337.88953228
2q5k	-15.51	Active	8.67049423	3.55E+00	6.1118204	-5.1173477	1443.63014917	5.87435055	3.63E+00	4.75171665	1303.12903351	2.79614368	2.79614368	5.59E+00	5.59228736	5.59228736	5.59228736	5.46E-05	2.63E-05	4.05E-05	-2.83E-05	44.84522521
2z4o	-13.13	Inactive	3.75452503	1.28994673	2.52223587	-2.4645783	1159.23034344	6.42E+00	1.22775579	3.82206456	1125.34404405	-2.66184827	-2.66184827	-5.32369654	-5.32369654	-5.32369654	-5.32369654	4.98362493	4.98545045	4.98453769	0.00182552	359.19238424
3h5b	-13.73	Inactive	7.69735972	2.23E+00	4.9654389	-5.46384163	1468.66603086	9.72E+00	2.74E+00	6.23E+00	1.41E+03	-2.02073571	-2.02073571	-4.04147142	-4.04147142	-4.04147142	-4.04147142	4.03198857	2.99E+00	3.50973012	-1.04451691	361.81431117
3mxd	-12.12	Inactive	4.00167285	1.01634134	2.50900709	-2.98533151	1024.60115183	4.56E+00	1.17210392	2.87E+00	1000.77396438	-0.55773912	-0.55773912	-1.11547824	-1.11547824	-1.11547824	-1.11547824	2.98922497	7.97874493	5.48398495	4.98951996	324.76079813
3o9f	-17.43	Active	7.01955216	0.86339216	3.94147215	-6.15616	1252.47102668	7.15E+00	1.73290282	4.44082219	1181.61881087	-0.1291894	-0.1291894	-0.2583788	-0.2583788	-0.2583788	-0.2583788	3.0214013	4.98709942	4.00425036	1.96569812	358.05691769
3nu3	-13.48	Inactive	3.29432873	1.88196622	2.58814749	-1.41236251	1218.86893209	6.37E+00	3.64572063	5.01E+00	1223.40120928	-3.08E+00	-3.08E+00	-6.15E+00	-6.15E+00	-6.15E+00	-6.15E+00	3.96174954	3.99163903	3.97669429	0.02988949	302.22362274
3oxc	-11.54	Inactive	3.11717864	4.64969694	3.88343779	1.5325183	1204.36978945	3.87614633	6.09233383	4.9842401	1184.49085289	-0.75896769	-0.75896769	-1.51793538	-1.51793538	-1.51793538	-1.51793538	2.99702941	7.98893028	5.49297984	4.99190087	389.10235631
3o9g	-16.88	Active	4.54539749	1.57910238	3.06224992	-2.96629511	1409.31224968	5.49994723	2.42815725	3.96405224	1394.87364968	-0.95454974	-0.95454974	-1.90909948	-1.90909948	-1.90909948	-1.90909948	4.54539749	1.57910238	3.06224992	-2.96629511	1409.31224968
4djr	-15.82	Active	5.37266984	0.95894137	3.1658056	-4.41372847	1416.48576514	4.07675098	2.12568261	3.10121679	1303.75695162	1.29591886	1.29591886	2.59183772	2.59183772	2.59183772	2.59183772	4.97692653	6.99809029	5.98750841	2.02116376	339.76879
4u7v	-11.66	Inactive	7.19765727	0.43053975	3.81409851	-6.76711752	1333.17227938	9.75932486	1.72126619	5.74029556	1350.62982981	-2.56166759	-2.56166759	-5.12333518	-5.12333518	-5.12333518	-5.12333518	1.98813596	10.97415358	6.48114477	8.98601762	315.27109323
4djq	-14.16	Active	7.44768526	1.01815954	4.23292238	-6.42952572	1616.4158253	10.91190684	1.00385666	5.95788171	1580.29215789	-3.46422158	-3.46422158	-6.92844316	-6.92844316	-6.92844316	-6.92844316	3.84268731	3.98088353	3.91178542	0.13819622	354.97325897
