com_lig	deltaG	EAS_c	NAS_c	RAS_c	Dual_c	Potential_c	EAS_p	NAS_p	RAS_p	Dual_p	Potential_p	EAS_chg	NAS_chg	RAS_chg	Dual_chg	Potential_chg
1hxw	-14.86	11.40557095	13.73167612	12.56862352	2.32610517	1720.16918382	6.27249937	1.15314198	3.71282069	-5.11935739	1208.03764524	5.13295945	12.57851724	8.85573831	7.44555779	501.71801853
1ohr	-11.94	6.88875773	7.1507696	7.0197637	0.26201187	1692.50004167	4.44122579	2.03417917	3.23770252	-2.40704662	1307.53354516	2.44753194	5.11658917	3.78206055	2.66905723	374.39798017
2bpx	-12.9	7.09651485	10.10535118	8.600933	3.00883633	1574.00628066	3.25604246	3.23652149	3.24628197	-0.01952097	1136.64855195	3.84047221	6.86880776	5.35463998	3.02833555	427.06053702
2fdd	-15.74	11.74339684	12.83137387	12.28738535	1.08797703	1898.1188903	7.99152174	3.79906971	5.89529571	-4.19245203	1470.46157778	3.75187478	9.03230416	6.39208948	5.28042938	416.4848179
2i0d	-16.6	6.28658149	8.66203858	7.47431004	2.37545709	1515.52586	2.20395675	0.26935973	1.23665822	-1.93459702	1129.83009729	4.08262445	8.39267875	6.23765163	4.3100543	375.31666693
2q5k	-15.51	8.03377599	1.55937248	4.79657422	-6.47440351	1552.2099183	5.3845297	1.62505251	3.50479112	-3.75947719	1297.08388798	2.64113834	-0.06569131	1.28772349	-2.70682965	186.4713916
2z4o	-13.13	8.53814092	6.2771067	7.40762379	-2.26103422	1524.74634908	6.80303613	1.22928565	4.0161609	-5.57375048	1171.36633646	1.73510467	5.04712409	3.39111435	3.31201942	341.66358209
3h5b	-13.73	11.87953728	5.16006615	8.51980174	-6.71947113	1710.97260787	9.04565968	2.66398842	5.85482404	-6.38167126	1311.30728062	2.8338776	2.49607773	2.6649777	-0.33779987	399.66532725
3mxd	-12.12	7.8566654	9.08685329	8.47175934	1.23018789	1365.17310856	4.56020007	1.17226595	2.866233	-3.38793412	999.99989899	3.29646533	7.91458734	5.60552634	4.61812201	365.17320957
3o9f	-17.43	10.1175223	5.85049158	7.98400692	-4.26703072	1603.60040462	7.16E+00	1.73346586	4.44711939	-5.42730711	1196.82279183	2.95674933	4.11702572	3.53688753	1.16027639	406.77761279
3nu3	-13.48	7.25607827	5.87360525	6.56484178	-1.38247302	1521.09255483	7.25607827	5.87360525	6.56484178	-1.38247302	1521.09255483	0	0	0	0	0
3oxc	-11.54	6.11420805	12.63862722	9.37641763	6.52441917	1593.47214576	6.11420805	12.63862722	9.37641763	6.52441917	1593.47214576	0	0	0	0	0
3o9g	-16.88	6.53284258	7.56875582	7.05079918	1.03591324	1744.85370435	6.53284258	7.56875582	7.05079918	1.03591324	1744.85370435	0	0	0	0	0
4djr	-15.82	10.34959637	7.95703262	9.15331449	-2.39256375	1756.25455514	10.34959637	7.95703262	9.15331449	-2.39256375	1756.25455514	0	0	0	0	0
4u7v	-11.66	9.18579323	11.40469333	10.29524328	2.2189001	1648.44337261	9.18579323	11.40469333	10.29524328	2.2189001	1648.44337261	0	0	0	0	0
4djq	-14.16	11.29037257	4.99904307	8.1447078	-6.2913295	1971.38908427	11.29037257	4.99904307	8.1447078	-6.2913295	1971.38908427	0	0	0	0	0

