sem_lig	deltaG	Type	EAS_c	NAS_c	RAS_c	Dual_c	Potenrial_c	EAS_p	NAS_p	RAS_p	Dual_p	Potenrial_p	EAS_chg	NAS_chg	RAS_chg	Dual_chg	Potenrial_chg	EAS_cl	NAS_cl	RAS_cl	Dual_cl	Potenrial_cl
1hxw	-14.86	Active	1.99804	0.00070	0.99937	-1.99734	231.01463	0.00064	0.00012	0.00038	-0.00052	155.92317	1.99739	0.00058	0.99899	-1.99682	75.09146	0.00000	7.99935	3.99968	7.99935	73.08570
1ohr	-11.94	Inactive	0.00046	0.00025	0.00036	-0.00021	293.35715	0.65438	4.44625	2.55032	3.79187	257.25469	-0.65392	-4.44600	-2.54996	-3.79208	36.10247	1.99939	0.99983	1.49961	-0.99956	79.08557
2bpx	-12.9	Inactive	0.00094	5.68785	2.84439	5.68691	213.76930	0.00016	3.83946	1.91981	3.83929	215.68310	0.00078	1.84839	0.92458	1.84762	-1.91381	0.00000	3.99945	1.99973	3.99945	60.82730
2fdd	-15.74	Active	1.99981	2.01825	7.50845	13.01709	210.05454	0.01261	2.14173	1.07717	2.12911	180.70588	0.98729	11.87527	6.43128	10.88797	29.34866	0.00000	11.99874	5.99937	11.99874	38.59532
2i0d	-16.6	Active	1.11668	2.86933	1.99301	1.75265	186.01212	0.00000	2.00021	1.00010	2.00020	168.04207	1.11668	0.86913	0.99290	-0.24755	17.97005	0.00000	6.99980	3.49990	6.99980	46.30687
2q5k	-15.51	Active	1.99944	0.85103	0.94712	-0.19217	203.42605	0.00002	1.85204	0.92603	1.85202	204.47557	1.04319	-1.00101	0.02109	-2.04420	-1.04952	0.00000	0.00000	0.00000	0.00000	52.12705
2z4o	-13.13	Inactive	0.00000	0.99984	0.49992	0.99984	91.82247	0.00001	2.73404	1.36703	2.73403	132.61219	-0.00001	-1.73420	-0.86710	-1.73419	-40.78973	0.00000	1.99984	0.99992	1.99984	25.78869
3mxd	-12.12	Inactive	0.00000	2.01382	1.00691	2.01382	149.83833	0.00000	1.99996	0.99998	1.99996	170.20566	0.00000	0.01386	0.00693	0.01386	-20.36733	0.00000	7.99890	3.99945	7.99890	45.04231
3o9f	-17.43	Active	0.99733	1.00041	0.99887	0.00308	225.03600	0.00000	2.99998	1.49999	2.99998	220.48026	0.99733	-1.99957	-0.50112	-2.99690	4.55574	0.00000	2.99986	1.49993	2.99986	58.44629
3nu3	-13.48	Inactive	0.00005	1.18429	0.59217	1.18423	140.84100	2.87042	4.18280	3.52661	1.31238	164.17440	-2.87037	-2.99851	-2.93444	-0.12814	-23.33341	0.00000	1.99967	0.99984	1.99967	31.16367
3oxc	-11.54	Inactive	0.00001	5.84912	2.92457	5.84910	177.99195	0.01390	7.98398	3.99894	7.97007	189.79219	-0.01389	-2.13486	-1.07437	-2.12097	-11.80025	0.00000	7.99910	3.99955	7.99910	53.10045
3o9g	-16.88	Active	0.99962	2.00010	1.49986	1.00048	234.77371	0.99928	1.99995	1.49962	1.00067	225.90734	0.00034	0.00015	0.00025	-0.00019	8.86638	0.00000	2.99988	1.49994	2.99988	49.94730
4u7v	-11.66	Inactive	0.00000	0.00158	0.61603	-1.22890	271.74401	0.00000	3.83330	1.91665	3.83329	195.35860	1.23048	-3.83171	-1.30062	-5.06219	76.38542	0.00000	7.99827	3.99914	7.99827	60.57922
4djq	-14.16	Active	1.00397	1.00056	1.00226	-0.00341	315.17027	0.36284	1.00042	0.68163	0.63758	304.15990	0.64113	0.00014	0.32063	-0.64099	11.01037	0.00000	2.99967	1.49983	2.99967	63.81595
