Name	Acylating	Conversão(%)	Conversão(T)	Conversão(1-M)	Conversão(2M)	Conversão(1,2D)	Conversão(1,3D)	Hardness	HardnessSimilarity(Glycerol)	HardnessSimilarity(AA)	deltaN(Glycerol)	deltaN(AA)	Electrophilicity	FukuiE	FukuiN	FukuiR	LocalHardnessE	LocalHardnessN
[NO2Hmim][Cl]	AcOH	0	0	0	0	0	0	0.8013	0.2283	0.2132	-0.1098	-0.1010	15.4161	0.8439	0.2787	0.4907	0.6762	0.2233
[NO2Hmim][TsO]	AcOH	61	0	76	9	3	13	2.1786	0.6208	0.5797	-0.0750	-0.1279	5.4593	0.1194	0.2333	0.1487	0.2601	0.5083
[Hmim][TsO]	AcOH	0	0	0	0	0	0	3.0125	0.8584	0.8016	0.0124	0.0244	2.4751	0.8587	1.1216	0.6456	1.6846	2.2004
[Hmim][Cl]	AcOH	0	0	0	0	0	0	1.9618	0.5590	0.5220	0.0687	0.0848	2.7283	0.1275	0.6803	0.3526	0.3841	2.0494
TsOH	AcOH	89	3	51	6	11	29	2.9875	0.8513	0.7950	-0.0340	-0.0354	3.3369	0.1545	0.4792	0.2658	0.4616	1.4316
[NO2Hmim][Cl]	AnidridAc	100	77	0	0	3	20	0.8013	0.2283	0.2132	-0.1098	-0.0807	15.4161	0.8439	0.2787	0.4907	0.6762	0.2233
[NO2Hmim][TsO]	AnidridAc	100	0	0	0	0	0	2.1786	0.6208	0.5797	-0.0750	-0.0515	5.4593	0.1194	0.2333	0.1487	0.2601	0.5083
[Hmim][TsO]	AnidridAc	100	73	0	0	3	24	3.0125	0.8584	0.8016	0.0124	0.0366	2.4751	0.8587	1.1216	0.6456	1.6846	2.2004
[Hmim][Cl]	AnidridAc	76	6	56	5	9	26	1.9618	0.5590	0.5220	0.0687	0.1008	2.7283	0.1275	0.6803	0.3526	0.3841	2.0494
TsOH	AnidridAc	100	100	0	0	0	0	2.9875	0.8513	0.7950	-0.0340	-0.0117	3.3369	0.1545	0.4792	0.2658	0.4616	1.4316
H2SO4	AcOH	65.4	0.5	70.8	9.5	19.2		4.1646	0.8424	0.9023675743	-0.0619053411	-0.0783406272	3.291	0.3446	1.5328	0.8473	1.4351	6.3835
[Hmim][H2SO4]	AcOH	26.5	0	82.2	10.9	6.9		2.6726	0.7616	0.7111761575	0.0283975488	0.009579945	2.9694	0.2825	1.263	0.6821	0.755	3.3755
[HSO3-pim][H2SO4]	AcOH	40.7	0	79.3	10.4	10.3		2.8219	0.8041	0.7509047366	0.0231486832	0.0069069069	2.8907	0.2825	1.263			
