Concentração	Cp	Temperatura	LI	MM
0.0000	365	283.15	EMIMETSO4	391.31
0.2120	294	283.15	EMIMETSO4	391.31
0.4079	235	283.15	EMIMETSO4	391.31
0.5925	179	283.15	EMIMETSO4	391.31
0.7660	142	283.15	EMIMETSO4	391.31
0.8495	115	283.15	EMIMETSO4	391.31
0.9282	95	283.15	EMIMETSO4	391.31
0.9684	83	283.15	EMIMETSO4	391.31
0.9916	78	283.15	EMIMETSO4	391.31
1.0000	75	283.15	EMIMETSO4	391.31
0.0000	353	283.15	EMIMOTF	260.23
0.2259	283	283.15	EMIMOTF	260.23
0.4351	226	283.15	EMIMOTF	260.23
0.6152	181	283.15	EMIMOTF	260.23
0.7835	135	283.15	EMIMOTF	260.23
0.8614	114	283.15	EMIMOTF	260.23
0.9353	94	283.15	EMIMOTF	260.23
0.9712	80	283.15	EMIMOTF	260.23
0.9924	76	283.15	EMIMOTF	260.23
1.0000	75	283.15	EMIMOTF	260.23
0.0000	308	283.15	EMIMTFA	224.18
0.2025	264	283.15	EMIMTFA	224.18
0.3973	226	283.15	EMIMTFA	224.18
0.5817	182	283.15	EMIMTFA	224.18
0.7562	139	283.15	EMIMTFA	224.18
0.8420	117	283.15	EMIMTFA	224.18
0.9256	99	283.15	EMIMTFA	224.18
0.9668	87	283.15	EMIMTFA	224.18
0.9912	78	283.15	EMIMTFA	224.18
1.0000	75	283.15	EMIMTFA	224.18
0.0000	371	293.15	EMIMETSO4	391.31
0.2120	297	293.15	EMIMETSO4	391.31
0.4079	239	293.15	EMIMETSO4	391.31
0.5925	184	293.15	EMIMETSO4	391.31
0.7660	145	293.15	EMIMETSO4	391.31
0.8495	118	293.15	EMIMETSO4	391.31
0.9282	96	293.15	EMIMETSO4	391.31
0.9684	85	293.15	EMIMETSO4	391.31
0.9916	78	293.15	EMIMETSO4	391.31
1.0000	75	293.15	EMIMETSO4	391.31
0.0000	358	283.15	EMIMOTF	260.23
0.2259	287	293.15	EMIMOTF	260.23
0.4351	230	293.15	EMIMOTF	260.23
0.6152	184	293.15	EMIMOTF	260.23
0.7835	137	293.15	EMIMOTF	260.23
0.8614	115	293.15	EMIMOTF	260.23
0.9353	95	293.15	EMIMOTF	260.23
0.9712	81	293.15	EMIMOTF	260.23
0.9924	77	293.15	EMIMOTF	260.23
1.0000	75	293.15	EMIMOTF	260.23
0.0000	313	293.15	EMIMTFA	224.18
0.2025	269	283.15	EMIMTFA	224.18
0.3973	231	293.15	EMIMTFA	224.18
0.5817	186	293.15	EMIMTFA	224.18
0.7562	143	293.15	EMIMTFA	224.18
0.8420	120	293.15	EMIMTFA	224.18
0.9256	100	293.15	EMIMTFA	224.18
0.9668	90	293.15	EMIMTFA	224.18
0.9912	80	293.15	EMIMTFA	224.18
1.0000	75	293.15	EMIMTFA	224.18
0.0000	380	303.15	EMIMETSO4	391.31
0.2120	304	303.15	EMIMETSO4	391.31
0.4079	245	303.15	EMIMETSO4	391.31
0.5925	190	303.15	EMIMETSO4	391.31
0.7660	149	303.15	EMIMETSO4	391.31
0.8495	122	303.15	EMIMETSO4	391.31
0.9282	98	303.15	EMIMETSO4	391.31
0.9684	86	303.15	EMIMETSO4	391.31
0.9916	79	303.15	EMIMETSO4	391.31
1.0000	75	303.15	EMIMETSO4	391.31
0.0000	366	303.15	EMIMOTF	260.23
0.2259	294	303.15	EMIMOTF	260.23
0.4351	236	303.15	EMIMOTF	260.23
0.6152	189	303.15	EMIMOTF	260.23
0.7835	140	303.15	EMIMOTF	260.23
0.8614	118	303.15	EMIMOTF	260.23
0.9353	97	303.15	EMIMOTF	260.23
0.9712	83	303.15	EMIMOTF	260.23
0.9924	78	303.15	EMIMOTF	260.23
1.0000	75	303.15	EMIMOTF	260.23
0.0000	320	303.15	EMIMTFA	224.18
0.2025	274	303.15	EMIMTFA	224.18
0.3973	238	303.15	EMIMTFA	224.18
0.5817	191	303.15	EMIMTFA	224.18
0.7562	147	303.15	EMIMTFA	224.18
0.8420	122	303.15	EMIMTFA	224.18
0.9256	102	303.15	EMIMTFA	224.18
0.9668	91	303.15	EMIMTFA	224.18
0.9912	80	303.15	EMIMTFA	224.18
1.0000	75	303.15	EMIMTFA	224.18
0.0000	386	313.15	EMIMETSO4	391.31
0.2120	309	313.15	EMIMETSO4	391.31
0.4079	249	313.15	EMIMETSO4	391.31
0.5925	193	313.15	EMIMETSO4	391.31
0.7660	152	313.15	EMIMETSO4	391.31
0.8495	124	313.15	EMIMETSO4	391.31
0.9282	100	313.15	EMIMETSO4	391.31
0.9684	87	313.15	EMIMETSO4	391.31
0.9916	79	313.15	EMIMETSO4	391.31
1.0000	75	313.15	EMIMETSO4	391.31
0.0000	371	313.15	EMIMOTF	260.23
0.2259	298	313.15	EMIMOTF	260.23
0.4351	239	313.15	EMIMOTF	260.23
0.6152	191	313.15	EMIMOTF	260.23
0.7835	142	313.15	EMIMOTF	260.23
0.8614	120	313.15	EMIMOTF	260.23
0.9353	98	313.15	EMIMOTF	260.23
0.9712	83	313.15	EMIMOTF	260.23
0.9924	78	313.15	EMIMOTF	260.23
1.0000	75	313.15	EMIMOTF	260.23
0.0000	324	313.15	EMIMTFA	224.18
0.2025	276	313.15	EMIMTFA	224.18
0.3973	241	313.15	EMIMTFA	224.18
0.5817	194	313.15	EMIMTFA	224.18
0.7562	150	313.15	EMIMTFA	224.18
0.8420	124	313.15	EMIMTFA	224.18
0.9256	103	313.15	EMIMTFA	224.18
0.9668	92	313.15	EMIMTFA	224.18
0.9912	81	313.15	EMIMTFA	224.18
1.0000	75	313.15	EMIMTFA	224.18
0.0000	392	323.15	EMIMETSO4	391.31
0.2120	314	323.15	EMIMETSO4	391.31
0.4079	253	323.15	EMIMETSO4	391.31
0.5925	197	323.15	EMIMETSO4	391.31
0.7660	154	323.15	EMIMETSO4	391.31
0.8495	126	323.15	EMIMETSO4	391.31
0.9282	101	323.15	EMIMETSO4	391.31
0.9684	88	323.15	EMIMETSO4	391.31
0.9916	79	323.15	EMIMETSO4	391.31
1.0000	75	323.15	EMIMETSO4	391.31
0.0000	376	323.15	EMIMOTF	260.23
0.2259	302	323.15	EMIMOTF	260.23
0.4351	242	323.15	EMIMOTF	260.23
0.6152	193	323.15	EMIMOTF	260.23
0.7835	144	323.15	EMIMOTF	260.23
0.8614	122	323.15	EMIMOTF	260.23
0.9353	99	323.15	EMIMOTF	260.23
0.9712	84	323.15	EMIMOTF	260.23
0.9924	78	323.15	EMIMOTF	260.23
1.0000	75	323.15	EMIMOTF	260.23
0.0000	328	323.15	EMIMTFA	224.18
0.2025	280	323.15	EMIMTFA	224.18
0.3973	245	323.15	EMIMTFA	224.18
0.5817	198	323.15	EMIMTFA	224.18
0.7562	153	323.15	EMIMTFA	224.18
0.8420	126	323.15	EMIMTFA	224.18
0.9256	104	323.15	EMIMTFA	224.18
0.9668	92	323.15	EMIMTFA	224.18
0.9912	81	323.15	EMIMTFA	224.18
1.0000	75	323.15	EMIMTFA	224.18
0.0000	397	333.15	EMIMETSO4	391.31
0.2120	319	333.15	EMIMETSO4	391.31
0.4079	256	333.15	EMIMETSO4	391.31
0.5925	201	333.15	EMIMETSO4	391.31
0.7660	157	333.15	EMIMETSO4	391.31
0.8495	127	333.15	EMIMETSO4	391.31
0.9282	102	333.15	EMIMETSO4	391.31
0.9684	88	333.15	EMIMETSO4	391.31
0.9916	80	333.15	EMIMETSO4	391.31
1.0000	75	333.15	EMIMETSO4	391.31
0.0000	380	333.15	EMIMOTF	260.23
0.2259	306	333.15	EMIMOTF	260.23
0.4351	245	333.15	EMIMOTF	260.23
0.6152	195	333.15	EMIMOTF	260.23
0.7835	146	333.15	EMIMOTF	260.23
0.8614	123	333.15	EMIMOTF	260.23
0.9353	99	333.15	EMIMOTF	260.23
0.9712	85	333.15	EMIMOTF	260.23
0.9924	79	333.15	EMIMOTF	260.23
1.0000	75	333.15	EMIMOTF	260.23
0.0000	332	333.15	EMIMTFA	224.18
0.2025	285	333.15	EMIMTFA	224.18
0.3973	251	333.15	EMIMTFA	224.18
0.5817	201	333.15	EMIMTFA	224.18
0.7562	155	333.15	EMIMTFA	224.18
0.8420	127	333.15	EMIMTFA	224.18
0.9256	104	333.15	EMIMTFA	224.18
0.9668	92	333.15	EMIMTFA	224.18
0.9912	81	333.15	EMIMTFA	224.18
1.0000	75	333.15	EMIMTFA	224.18
0.0000	403	343.15	EMIMETSO4	391.31
0.2120	324	343.15	EMIMETSO4	391.31
0.4079	260	343.15	EMIMETSO4	391.31
0.5925	204	343.15	EMIMETSO4	391.31
0.7660	158	343.15	EMIMETSO4	391.31
0.8495	129	343.15	EMIMETSO4	391.31
0.9282	103	343.15	EMIMETSO4	391.31
0.9684	89	343.15	EMIMETSO4	391.31
0.9916	80	343.15	EMIMETSO4	391.31
1.0000	75	343.15	EMIMETSO4	391.31
0.0000	384	343.15	EMIMOTF	260.23
0.2259	311	343.15	EMIMOTF	260.23
0.4351	249	343.15	EMIMOTF	260.23
0.6152	197	343.15	EMIMOTF	260.23
0.7835	148	343.15	EMIMOTF	260.23
0.8614	125	343.15	EMIMOTF	260.23
0.9353	100	343.15	EMIMOTF	260.23
0.9712	85	343.15	EMIMOTF	260.23
0.9924	79	343.15	EMIMOTF	260.23
1.0000	75	343.15	EMIMOTF	260.23
0.0000	337	343.15	EMIMTFA	224.18
0.2025	290	343.15	EMIMTFA	224.18
0.3973	254	343.15	EMIMTFA	224.18
0.5817	204	343.15	EMIMTFA	224.18
0.7562	157	343.15	EMIMTFA	224.18
0.8420	129	343.15	EMIMTFA	224.18
0.9256	105	343.15	EMIMTFA	224.18
0.9668	92	343.15	EMIMTFA	224.18
0.9912	81	343.15	EMIMTFA	224.18
1.0000	75	343.15	EMIMTFA	224.18
