Conc_mol_L	massfractionIL	massfractionH2O	molarfractionIL	density	sufTen	Viscosity (cP)	RI	IL	Cation	Anion	Temperature(K)	MW	Mwcation	Mwanion	Alkyl-Lenght	MVIL
0	0	1	0	0.997	74.07	0.89	1.332	[BMIM][Cl]	BMIM	Cl	298	171.64	136.14	35.5	4	172.139
0.007	0.001	0.999	0	0.997	73.06	0.9	1.334	[BMIM][Cl]	BMIM	Cl	298	171.64	136.14	35.5	4	172.122
0.018	0.003	0.997	0	0.997	NA	0.92	1.334	[BMIM][Cl]	BMIM	Cl	298	171.64	136.14	35.5	4	172.105
0.062	0.011	0.989	0.001	0.999	NA	0.93	1.336	[BMIM][Cl]	BMIM	Cl	298	171.64	136.14	35.5	4	171.795
0.292	0.048	0.952	0.005	1.001	69.47	1.03	1.342	[BMIM][Cl]	BMIM	Cl	298	171.64	136.14	35.5	4	171.469
0.593	0.093	0.907	0.011	1.005	67.72	1.17	1.345	[BMIM][Cl]	BMIM	Cl	298	171.64	136.14	35.5	4	170.786
0.942	0.14	0.86	0.017	1.014	65.33	1.31	1.358	[BMIM][Cl]	BMIM	Cl	298	171.64	136.14	35.5	4	169.27
1.473	0.202	0.798	0.026	1.027	63.25	1.77	1.377	[BMIM][Cl]	BMIM	Cl	298	171.64	136.14	35.5	4	167.128
1.879	0.244	0.756	0.033	1.036	60.91	2.12	1.39	[BMIM][Cl]	BMIM	Cl	298	171.64	136.14	35.5	4	165.676
2.479	0.299	0.701	0.043	1.047	59.17	2.93	1.41	[BMIM][Cl]	BMIM	Cl	298	171.64	136.14	35.5	4	163.935
2.921	0.335	0.665	0.05	1.055	58.07	3.92	1.421	[BMIM][Cl]	BMIM	Cl	298	171.64	136.14	35.5	4	162.692
3.548	0.379	0.621	0.06	1.064	55.71	7.45	1.44	[BMIM][Cl]	BMIM	Cl	298	171.64	136.14	35.5	4	161.316
4.634	0.444	0.556	0.077	1.072	52.2	19.18	1.476	[BMIM][Cl]	BMIM	Cl	298	171.64	136.14	35.5	4	160.112
5.502	0.486	0.514	0.09	1.081	51.18	308.93	1.512	[BMIM][Cl]	BMIM	Cl	298	171.64	136.14	35.5	4	158.779
0	0	1	0	0.997	74.07	0.89	1.332	[BMIM][Br]	BMIM	Br	298	216.04	136.14	79.9	4	216.668
0.741	0.138	0.862	0.013	1.033	70.45	1.22	1.36	[BMIM][Br]	BMIM	Br	298	216.04	136.14	79.9	4	209.159
1.298	0.22	0.78	0.023	1.061	68.19	1.71	1.377	[BMIM][Br]	BMIM	Br	298	216.04	136.14	79.9	4	203.638
2.99	0.393	0.607	0.051	1.14	64.59	3.57	1.438	[BMIM][Br]	BMIM	Br	298	216.04	136.14	79.9	4	189.492
3.425	0.426	0.574	0.058	1.164	64.05	4.94	1.451	[BMIM][Br]	BMIM	Br	298	216.04	136.14	79.9	4	185.585
4.153	0.474	0.526	0.07	1.209	63.14	8.13	1.478	[BMIM][Br]	BMIM	Br	298	216.04	136.14	79.9	4	178.708
4.688	0.504	0.496	0.078	1.224	62.73	14.65	1.499	[BMIM][Br]	BMIM	Br	298	216.04	136.14	79.9	4	176.532
5.033	0.522	0.478	0.083	1.238	62.4	23.38	1.511	[BMIM][Br]	BMIM	Br	298	216.04	136.14	79.9	4	174.451
5.249	0.532	0.468	0.087	1.244	62.2	35.04	1.521	[BMIM][Br]	BMIM	Br	298	216.04	136.14	79.9	4	173.652
5.423	0.54	0.46	0.089	1.253	61.89	45.12	1.526	[BMIM][Br]	BMIM	Br	298	216.04	136.14	79.9	4	172.418
5.563	0.547	0.453	0.091	1.261	61.82	80.32	1.531	[BMIM][Br]	BMIM	Br	298	216.04	136.14	79.9	4	171.27
5.657	0.551	0.449	0.093	1.264	61.82	104.35	1.533	[BMIM][Br]	BMIM	Br	298	216.04	136.14	79.9	4	170.864
5.741	0.554	0.446	0.094	1.269	61.7	161.05	1.537	[BMIM][Br]	BMIM	Br	298	216.04	136.14	79.9	4	170.285
0	0	1	0	0.997	74.07	0.89	1.332	[EMIM][Br]	EMIM	Br	298	188.04	108.14	79.9	2	188.587
0.555	0.095	0.905	0.01	1.023	71.95	1.05	1.348	[EMIM][Br]	EMIM	Br	298	188.04	108.14	79.9	2	183.758
1.098	0.172	0.828	0.019	1.049	70.53	1.2	1.365	[EMIM][Br]	EMIM	Br	298	188.04	108.14	79.9	2	179.342
1.614	0.233	0.767	0.028	1.08	68.41	1.41	1.382	[EMIM][Br]	EMIM	Br	298	188.04	108.14	79.9	2	174.192
2.213	0.294	0.706	0.038	1.105	67.1	3.2	1.399	[EMIM][Br]	EMIM	Br	298	188.04	108.14	79.9	2	170.187
2.985	0.36	0.64	0.051	1.15	66.15	5.01	1.421	[EMIM][Br]	EMIM	Br	298	188.04	108.14	79.9	2	163.57
3.709	0.412	0.588	0.063	1.183	65.65	8.65	1.444	[EMIM][Br]	EMIM	Br	298	188.04	108.14	79.9	2	158.938
4.712	0.471	0.529	0.078	1.238	63.88	12.43	1.476	[EMIM][Br]	EMIM	Br	298	188.04	108.14	79.9	2	151.841
5.287	0.499	0.501	0.087	1.262	62.91	15.97	1.493	[EMIM][Br]	EMIM	Br	298	188.04	108.14	79.9	2	148.954
6.001	0.531	0.469	0.098	1.299	62.06	29.62	1.517	[EMIM][Br]	EMIM	Br	298	188.04	108.14	79.9	2	144.735
6.469	0.55	0.45	0.105	1.314	61.74	55.39	1.534	[EMIM][Br]	EMIM	Br	298	188.04	108.14	79.9	2	143.159
6.795	0.562	0.438	0.109	1.329	61.34	98.7	1.544	[EMIM][Br]	EMIM	Br	298	188.04	108.14	86.8	2	141.532
0	0	1	0	0.997	74.07	0.89	NA	[EMIM][BF4]	EMIM	BF4	298	194.94	108.14	86.8	2	195.507
0.152	0.029	0.971	0.003	1.002	63.5	0.95	NA	[EMIM][BF4]	EMIM	BF4	298	194.94	108.14	86.8	2	194.629
0.203	0.038	0.962	0.004	1.001	60.45	0.97	NA	[EMIM][BF4]	EMIM	BF4	298	194.94	108.14	86.8	2	194.706
0.324	0.06	0.94	0.006	1.008	57.41	1.02	NA	[EMIM][BF4]	EMIM	BF4	298	194.94	108.14	86.8	2	193.47
0.54	0.096	0.904	0.01	1.015	53.34	1.11	NA	[EMIM][BF4]	EMIM	BF4	298	194.94	108.14	86.8	2	192.116
0.932	0.154	0.846	0.017	1.027	49.39	1.27	NA	[EMIM][BF4]	EMIM	BF4	298	194.94	108.14	86.8	2	189.778
1.268	0.199	0.801	0.022	1.039	48.66	1.46	NA	[EMIM][BF4]	EMIM	BF4	298	194.94	108.14	86.8	2	187.695
1.452	0.221	0.779	0.026	1.045	47.9	1.58	NA	[EMIM][BF4]	EMIM	BF4	298	194.94	108.14	86.8	2	186.635
2.122	0.293	0.707	0.037	1.067	47.48	2.17	NA	[EMIM][BF4]	EMIM	BF4	298	194.94	108.14	86.8	2	182.733
2.531	0.331	0.669	0.044	1.08	47	2.69	NA	[EMIM][BF4]	EMIM	BF4	298	194.94	108.14	86.8	2	180.45
3.108	0.378	0.622	0.053	1.1	46.42	3.7	NA	[EMIM][BF4]	EMIM	BF4	298	194.94	108.14	86.8	2	177.283
3.69	0.419	0.581	0.062	1.12	46.48	5.54	NA	[EMIM][BF4]	EMIM	BF4	298	194.94	108.14	86.8	2	174.131
4.319	0.458	0.542	0.072	1.139	46.33	10.51	NA	[EMIM][BF4]	EMIM	BF4	298	194.94	108.14	86.8	2	171.165
4.67	0.477	0.523	0.078	1.154	46.12	18.35	NA	[EMIM][BF4]	EMIM	BF4	298	194.94	108.14	86.8	2	168.867
4.842	0.486	0.514	0.08	1.16	46.53	27.77	NA	[EMIM][BF4]	EMIM	BF4	298	194.94	108.14	86.8	2	168.052
5.181	0.503	0.497	0.086	1.171	45.74	153.78	NA	[EMIM][BF4]	EMIM	BF4	298	194.94	108.14	86.8	2	166.459
44.48	0.898	0.102	0.445	1.025	63.98	NA	NA	[C2][Br]	C2amm	Br	298	198.101	118.201	79.9	2	193.269
25.01	0.832	0.168	0.311	1.012	65.23	NA	NA	[C2][Br]	C2amm	Br	298	198.101	118.201	79.9	2	195.713
10.14	0.668	0.332	0.155	1.003	66.97	NA	NA	[C2][Br]	C2amm	Br	298	198.101	118.201	79.9	2	197.587
0	0	1	0	0.997	71.85	NA	NA	[C2][Br]	C2amm	Br	298	198.101	118.201	79.9	2	198.617
45.31	0.903	0.097	0.45	1.013	49	NA	NA	[C2][BF4]	C2amm	BF4	298	205.001	118.201	86.8	2	202.43
24.87	0.836	0.164	0.31	1.006	53.07	NA	NA	[C2][BF4]	C2amm	BF4	298	205.001	118.201	86.8	2	203.758
10.08	0.675	0.325	0.154	1.003	61.79	NA	NA	[C2][BF4]	C2amm	BF4	298	205.001	118.201	86.8	2	204.388
30.11	0.888	0.112	0.352	1.029	45.3	NA	NA	[C2][PF6]	C2amm	PF6	298	263.161	118.201	144.96	2	255.67
14.55	0.793	0.207	0.208	1.015	56.3	NA	NA	[C2][PF6]	C2amm	PF6	298	263.161	118.201	144.96	2	259.221
10.06	0.726	0.274	0.154	1.008	61.8	NA	NA	[C2][PF6]	C2amm	PF6	298	263.161	118.201	144.96	2	261.176
44.87	0.886	0.114	0.448	1.013	48.23	NA	NA	C2N(CN)2	C2amm	N(CN)2	298	172.231	118.201	54.03	2	170.054
25.27	0.814	0.186	0.313	1.008	56.8	NA	NA	C2N(CN)2	C2amm	N(CN)2	298	172.231	118.201	54.03	2	170.881
10.01	0.634	0.366	0.153	1.002	66.9	NA	NA	C2N(CN)2	C2amm	N(CN)2	298	172.231	118.201	54.03	2	171.956
51.01	0.916	0.084	0.479	1.019	47.72	NA	NA	C3Br	C3amm	Br	298	212.101	132.201	79.9	3	208.146
25.13	0.842	0.158	0.312	1.008	48.3	NA	NA	C3Br	C3amm	Br	298	212.101	132.201	79.9	3	210.334
11.58	0.711	0.289	0.173	1.008	51.99	NA	NA	C3Br	C3amm	Br	298	212.101	132.201	79.9	3	210.439
44.98	0.911	0.089	0.448	1.01	34.59	NA	NA	C4Br	C4amm	Br	298	226.101	146.201	79.9	4	223.885
24.94	0.85	0.15	0.31	1.003	40.01	NA	NA	C4Br	C4amm	Br	298	226.101	146.201	79.9	4	225.38
9.91	0.692	0.308	0.152	0.999	46.72	NA	NA	C4Br	C4amm	Br	298	226.101	146.201	79.9	4	226.282
45.14	0.919	0.081	0.449	0.963	35.35	NA	NA	C6Br	C6amm	Br	298	250.101	170.201	79.9	6	259.764
25.05	0.863	0.137	0.311	0.979	39.24	NA	NA	C6Br	C6amm	Br	298	250.101	170.201	79.9	6	255.596
10.4	0.723	0.277	0.158	0.985	48.07	NA	NA	C6Br	C6amm	Br	298	250.101	170.201	79.9	6	253.858
5.27	1	0	1	1.2296	NA	NA	NA	[emim][EtSO4]	EMIM	[EtSO4]	298	233.25	108.14	125.11	2	189.6958360442
0	    0.996	0.004	0.9497	1.229	NA	NA	NA	[emim][EtSO4]	EMIM	[EtSO4]	298	233.25	108.14	125.11	2	189.788445891
39.213	0.992	0.008	0.9017	1.2279	NA	NA	NA	[emim][EtSO4]	EMIM	[EtSO4]	298	233.25	108.14	125.11	2	189.9584656731
24.319	0.987	0.013	0.8505	1.2269	NA	NA	NA	[emim][EtSO4]	EMIM	[EtSO4]	298	233.25	108.14	125.11	2	190.113293667
17.142	0.981	0.019	0.8004	1.2262	NA	NA	NA	[emim][EtSO4]	EMIM	[EtSO4]	298	233.25	108.14	125.11	2	190.2218235198
12.79	0.975	0.025	0.7495	1.2247	NA	NA	NA	[emim][EtSO4]	EMIM	[EtSO4]	298	233.25	108.14	125.11	2	190.4548052584
9.979	0.968	0.032	0.7001	1.2231	NA	NA	NA	[emim][EtSO4]	EMIM	[EtSO4]	298	233.25	108.14	125.11	2	190.7039489821
7.925	0.96	0.04	0.6496	1.2218	NA	NA	NA	[emim][EtSO4]	EMIM	[EtSO4]	298	233.25	108.14	125.11	2	190.906858733
6.447	0.951	0.049	0.6013	1.2201	NA	NA	NA	[emim][EtSO4]	EMIM	[EtSO4]	298	233.25	108.14	125.11	2	191.172854684
5.214	0.94	0.06	0.5495	1.218	NA	NA	NA	[emim][EtSO4]	EMIM	[EtSO4]	298	233.25	108.14	125.11	2	191.5024630542
4.285	0.929	0.071	0.5006	1.2154	NA	NA	NA	[emim][EtSO4]	EMIM	[EtSO4]	298	233.25	108.14	125.11	2	191.9121276946
3.505	0.914	0.086	0.4505	1.2123	NA	NA	NA	[emim][EtSO4]	EMIM	[EtSO4]	298	233.25	108.14	125.11	2	192.4028705766
2.85	0.896	0.104	0.4	1.2087	NA	NA	NA	[emim][EtSO4]	EMIM	[EtSO4]	298	233.25	108.14	125.11	2	192.975924547
2.298	0.874	0.126	0.3496	1.2038	NA	NA	NA	[emim][EtSO4]	EMIM	[EtSO4]	298	233.25	108.14	125.11	2	193.7614221632
1.833	0.847	0.153	0.3001	1.1983	NA	NA	NA	[emim][EtSO4]	EMIM	[EtSO4]	298	233.25	108.14	125.11	2	194.6507552366
1.423	0.812	0.188	0.2498	1.19	NA	NA	NA	[emim][EtSO4]	EMIM	[EtSO4]	298	233.25	108.14	125.11	2	196.0084033613
1.069	0.764	0.236	0.2	1.1789	NA	NA	NA	[emim][EtSO4]	EMIM	[EtSO4]	298	233.25	108.14	125.11	2	197.8539316312
0.755	0.696	0.304	0.1501	1.1634	NA	NA	NA	[emim][EtSO4]	EMIM	[EtSO4]	298	233.25	108.14	125.11	2	200.4899432697
0.475	0.59	0.41	0.1	1.1366	NA	NA	NA	[emim][EtSO4]	EMIM	[EtSO4]	298	233.25	108.14	125.11	2	205.2173147985
0.273	0.453	0.547	0.06	1.0964	NA	NA	NA	[emim][EtSO4]	EMIM	[EtSO4]	298	233.25	108.14	125.11	2	212.7417001095
5.329	1	0	1	1.243	NA	NA	NA	[emim][EtSO4]	EMIM	[EtSO4]	278	233.25	108.14	125.11	2	187.6508447305
80.712	0.996	0.004	0.9497	1.2426	NA	NA	NA	[emim][EtSO4]	EMIM	[EtSO4]	278	233.25	108.14	125.11	2	187.7112506036
39.213	0.992	0.008	0.9017	1.2416	NA	NA	NA	[emim][EtSO4]	EMIM	[EtSO4]	278	233.25	108.14	125.11	2	187.862435567
24.319	0.987	0.013	0.8505	1.2402	NA	NA	NA	[emim][EtSO4]	EMIM	[EtSO4]	278	233.25	108.14	125.11	2	188.0745041122
17.142	0.981	0.019	0.8004	1.2392	NA	NA	NA	[emim][EtSO4]	EMIM	[EtSO4]	278	233.25	108.14	125.11	2	188.2262750161
12.79	0.975	0.025	0.7495	1.2383	NA	NA	NA	[emim][EtSO4]	EMIM	[EtSO4]	278	233.25	108.14	125.11	2	188.363078414
9.979	0.968	0.032	0.7001	1.2367	NA	NA	NA	[emim][EtSO4]	EMIM	[EtSO4]	278	233.25	108.14	125.11	2	188.6067760977
7.925	0.96	0.04	0.6496	1.2356	NA	NA	NA	[emim][EtSO4]	EMIM	[EtSO4]	278	233.25	108.14	125.11	2	188.7746843639
6.447	0.951	0.049	0.6013	1.2334	NA	NA	NA	[emim][EtSO4]	EMIM	[EtSO4]	278	233.25	108.14	125.11	2	189.1113993838
5.214	0.94	0.06	0.5495	1.2311	NA	NA	NA	[emim][EtSO4]	EMIM	[EtSO4]	278	233.25	108.14	125.11	2	189.4647063602
4.285	0.929	0.071	0.5006	1.2287	NA	NA	NA	[emim][EtSO4]	EMIM	[EtSO4]	278	233.25	108.14	125.11	2	189.8347847318
3.505	0.914	0.086	0.4505	1.2258	NA	NA	NA	[emim][EtSO4]	EMIM	[EtSO4]	278	233.25	108.14	125.11	2	190.283896231
2.85	0.896	0.104	0.4	1.2221	NA	NA	NA	[emim][EtSO4]	EMIM	[EtSO4]	278	233.25	108.14	125.11	2	190.8599950904
2.298	0.874	0.126	0.3496	1.2172	NA	NA	NA	[emim][EtSO4]	EMIM	[EtSO4]	278	233.25	108.14	125.11	2	191.6283273086
1.833	0.847	0.153	0.3001	1.2115	NA	NA	NA	[emim][EtSO4]	EMIM	[EtSO4]	278	233.25	108.14	125.11	2	192.5299215848
1.423	0.812	0.188	0.2498	1.2032	NA	NA	NA	[emim][EtSO4]	EMIM	[EtSO4]	278	233.25	108.14	125.11	2	193.8580452128
1.069	0.764	0.236	0.2	1.1924	NA	NA	NA	[emim][EtSO4]	EMIM	[EtSO4]	278	233.25	108.14	125.11	2	195.6138879571
0.755	0.696	0.304	0.1501	1.1764	NA	NA	NA	[emim][EtSO4]	EMIM	[EtSO4]	278	233.25	108.14	125.11	2	198.2743964638
0.475	0.59	0.41	0.1	1.1492	NA	NA	NA	[emim][EtSO4]	EMIM	[EtSO4]	278	233.25	108.14	125.11	2	202.9672815872
0.273	0.453	0.547	0.06	1.1072	NA	NA	NA	[emim][EtSO4]	EMIM	[EtSO4]	278	233.25	108.14	125.11	2	210.6665462428
5.299	1	0	1	1.2362	NA	NA	NA	[emim][EtSO4]	EMIM	[EtSO4]	288	233.25	108.14	125.11	2	188.6830609934
80.712	0.996	0.004	0.9497	1.2355	NA	NA	NA	[emim][EtSO4]	EMIM	[EtSO4]	288	233.25	108.14	125.11	2	188.7899635775
39.213	0.992	0.008	0.9017	1.2347	NA	NA	NA	[emim][EtSO4]	EMIM	[EtSO4]	288	233.25	108.14	125.11	2	188.9122863854
24.319	0.987	0.013	0.8505	1.2335	NA	NA	NA	[emim][EtSO4]	EMIM	[EtSO4]	288	233.25	108.14	125.11	2	189.0960680989
17.142	0.981	0.019	0.8004	1.2327	NA	NA	NA	[emim][EtSO4]	EMIM	[EtSO4]	288	233.25	108.14	125.11	2	189.2187880263
12.79	0.975	0.025	0.7495	1.2311	NA	NA	NA	[emim][EtSO4]	EMIM	[EtSO4]	288	233.25	108.14	125.11	2	189.4647063602
9.979	0.968	0.032	0.7001	1.2298	NA	NA	NA	[emim][EtSO4]	EMIM	[EtSO4]	288	233.25	108.14	125.11	2	189.6649861766
7.925	0.96	0.04	0.6496	1.2285	NA	NA	NA	[emim][EtSO4]	EMIM	[EtSO4]	288	233.25	108.14	125.11	2	189.8656898657
6.447	0.951	0.049	0.6013	1.2266	NA	NA	NA	[emim][EtSO4]	EMIM	[EtSO4]	288	233.25	108.14	125.11	2	190.159791293
5.214	0.94	0.06	0.5495	1.2244	NA	NA	NA	[emim][EtSO4]	EMIM	[EtSO4]	288	233.25	108.14	125.11	2	190.5014701078
4.285	0.929	0.071	0.5006	1.222	NA	NA	NA	[emim][EtSO4]	EMIM	[EtSO4]	288	233.25	108.14	125.11	2	190.875613748
3.505	0.914	0.086	0.4505	1.2191	NA	NA	NA	[emim][EtSO4]	EMIM	[EtSO4]	288	233.25	108.14	125.11	2	191.3296694283
2.85	0.896	0.104	0.4	1.2153	NA	NA	NA	[emim][EtSO4]	EMIM	[EtSO4]	288	233.25	108.14	125.11	2	191.9279190323
2.298	0.874	0.126	0.3496	1.2107	NA	NA	NA	[emim][EtSO4]	EMIM	[EtSO4]	288	233.25	108.14	125.11	2	192.6571404972
1.833	0.847	0.153	0.3001	1.2047	NA	NA	NA	[emim][EtSO4]	EMIM	[EtSO4]	288	233.25	108.14	125.11	2	193.6166680501
1.423	0.812	0.188	0.2498	1.1968	NA	NA	NA	[emim][EtSO4]	EMIM	[EtSO4]	288	233.25	108.14	125.11	2	194.8947192513
1.069	0.764	0.236	0.2	1.1857	NA	NA	NA	[emim][EtSO4]	EMIM	[EtSO4]	288	233.25	108.14	125.11	2	196.7192375812
0.755	0.696	0.304	0.1501	1.1699	NA	NA	NA	[emim][EtSO4]	EMIM	[EtSO4]	288	233.25	108.14	125.11	2	199.376015044
0.475	0.59	0.41	0.1	1.1429	NA	NA	NA	[emim][EtSO4]	EMIM	[EtSO4]	288	233.25	108.14	125.11	2	204.0860967714
0.273	0.453	0.547	0.06	1.1018	NA	NA	NA	[emim][EtSO4]	EMIM	[EtSO4]	288	233.25	108.14	125.11	2	211.6990379379
5.243	1	0	1	1.223	NA	NA	NA	[emim][EtSO4]	EMIM	[EtSO4]	288	233.25	108.14	125.11	2	190.7195421096
80.712	0.996	0.004	0.9497	1.2226	NA	NA	NA	[emim][EtSO4]	EMIM	[EtSO4]	308	233.25	108.14	125.11	2	190.7819401276
39.213	0.992	0.008	0.9017	1.2216	NA	NA	NA	[emim][EtSO4]	EMIM	[EtSO4]	308	233.25	108.14	125.11	2	190.9381139489
24.319	0.987	0.013	0.8505	1.2205	NA	NA	NA	[emim][EtSO4]	EMIM	[EtSO4]	308	233.25	108.14	125.11	2	191.1102007374
17.142	0.981	0.019	0.8004	1.2195	NA	NA	NA	[emim][EtSO4]	EMIM	[EtSO4]	308	233.25	108.14	125.11	2	191.2669126691
12.79	0.975	0.025	0.7495	1.2183	NA	NA	NA	[emim][EtSO4]	EMIM	[EtSO4]	308	233.25	108.14	125.11	2	191.4553065747
9.979	0.968	0.032	0.7001	1.2166	NA	NA	NA	[emim][EtSO4]	EMIM	[EtSO4]	308	233.25	108.14	125.11	2	191.7228341279
7.925	0.96	0.04	0.6496	1.2153	NA	NA	NA	[emim][EtSO4]	EMIM	[EtSO4]	308	233.25	108.14	125.11	2	191.9279190323
6.447	0.951	0.049	0.6013	1.2134	NA	NA	NA	[emim][EtSO4]	EMIM	[EtSO4]	308	233.25	108.14	125.11	2	192.2284489863
5.214	0.94	0.06	0.5495	1.2112	NA	NA	NA	[emim][EtSO4]	EMIM	[EtSO4]	308	233.25	108.14	125.11	2	192.5776089828
4.285	0.929	0.071	0.5006	1.2088	NA	NA	NA	[emim][EtSO4]	EMIM	[EtSO4]	308	233.25	108.14	125.11	2	192.9599602912
3.505	0.914	0.086	0.4505	1.2058	NA	NA	NA	[emim][EtSO4]	EMIM	[EtSO4]	308	233.25	108.14	125.11	2	193.4400398076
2.85	0.896	0.104	0.4	1.202	NA	NA	NA	[emim][EtSO4]	EMIM	[EtSO4]	308	233.25	108.14	125.11	2	194.0515806988
2.298	0.874	0.126	0.3496	1.1974	NA	NA	NA	[emim][EtSO4]	EMIM	[EtSO4]	308	233.25	108.14	125.11	2	194.7970602973
1.833	0.847	0.153	0.3001	1.1915	NA	NA	NA	[emim][EtSO4]	EMIM	[EtSO4]	308	233.25	108.14	125.11	2	195.7616449853
1.423	0.812	0.188	0.2498	1.1833	NA	NA	NA	[emim][EtSO4]	EMIM	[EtSO4]	308	233.25	108.14	125.11	2	197.1182286825
1.069	0.764	0.236	0.2	1.1724	NA	NA	NA	[emim][EtSO4]	EMIM	[EtSO4]	308	233.25	108.14	125.11	2	198.9508700102
0.755	0.696	0.304	0.1501	1.1568	NA	NA	NA	[emim][EtSO4]	EMIM	[EtSO4]	308	233.25	108.14	125.11	2	201.6338174274
0.475	0.59	0.41	0.1	1.1303	NA	NA	NA	[emim][EtSO4]	EMIM	[EtSO4]	308	233.25	108.14	125.11	2	206.3611430594
0.273	0.453	0.547	0.06	1.0908	NA	NA	NA	[emim][EtSO4]	EMIM	[EtSO4]	308	233.25	108.14	125.11	2	213.8338833883
5.2141	1	0	1	1.2162	NA	NA	NA	[emim][EtSO4]	EMIM	[EtSO4]	318	233.25	108.14	125.11	2	191.7858904785
80.712	0.996	0.004	0.9497	1.2162	NA	NA	NA	[emim][EtSO4]	EMIM	[EtSO4]	318	233.25	108.14	125.11	2	191.7858904785
39.213	0.992	0.008	0.9017	1.2151	NA	NA	NA	[emim][EtSO4]	EMIM	[EtSO4]	318	233.25	108.14	125.11	2	191.9595095054
24.319	0.987	0.013	0.8505	1.2139	NA	NA	NA	[emim][EtSO4]	EMIM	[EtSO4]	318	233.25	108.14	125.11	2	192.1492709449
17.142	0.981	0.019	0.8004	1.213	NA	NA	NA	[emim][EtSO4]	EMIM	[EtSO4]	318	233.25	108.14	125.11	2	192.2918384171
12.79	0.975	0.025	0.7495	1.2117	NA	NA	NA	[emim][EtSO4]	EMIM	[EtSO4]	318	233.25	108.14	125.11	2	192.4981431047
9.979	0.968	0.032	0.7001	1.2101	NA	NA	NA	[emim][EtSO4]	EMIM	[EtSO4]	318	233.25	108.14	125.11	2	192.752665069
7.925	0.96	0.04	0.6496	1.2087	NA	NA	NA	[emim][EtSO4]	EMIM	[EtSO4]	318	233.25	108.14	125.11	2	192.975924547
6.447	0.951	0.049	0.6013	1.2068	NA	NA	NA	[emim][EtSO4]	EMIM	[EtSO4]	318	233.25	108.14	125.11	2	193.2797480941
5.214	0.94	0.06	0.5495	1.2046	NA	NA	NA	[emim][EtSO4]	EMIM	[EtSO4]	318	233.25	108.14	125.11	2	193.6327411589
4.285	0.929	0.071	0.5006	1.2022	NA	NA	NA	[emim][EtSO4]	EMIM	[EtSO4]	318	233.25	108.14	125.11	2	194.0192979538
3.505	0.914	0.086	0.4505	1.1994	NA	NA	NA	[emim][EtSO4]	EMIM	[EtSO4]	318	233.25	108.14	125.11	2	194.4722361181
2.85	0.896	0.104	0.4	1.1956	NA	NA	NA	[emim][EtSO4]	EMIM	[EtSO4]	318	233.25	108.14	125.11	2	195.0903312145
2.298	0.874	0.126	0.3496	1.1908	NA	NA	NA	[emim][EtSO4]	EMIM	[EtSO4]	318	233.25	108.14	125.11	2	195.8767215317
1.833	0.847	0.153	0.3001	1.1847	NA	NA	NA	[emim][EtSO4]	EMIM	[EtSO4]	318	233.25	108.14	125.11	2	196.8852874145
1.423	0.812	0.188	0.2498	1.1766	NA	NA	NA	[emim][EtSO4]	EMIM	[EtSO4]	318	233.25	108.14	125.11	2	198.2406935237
1.069	0.764	0.236	0.2	1.1656	NA	NA	NA	[emim][EtSO4]	EMIM	[EtSO4]	318	233.25	108.14	125.11	2	200.1115305422
0.755	0.696	0.304	0.1501	1.15	NA	NA	NA	[emim][EtSO4]	EMIM	[EtSO4]	318	233.25	108.14	125.11	2	202.8260869565
0.475	0.59	0.41	0.1	1.1244	NA	NA	NA	[emim][EtSO4]	EMIM	[EtSO4]	318	233.25	108.14	125.11	2	207.4439701174
5.1871	1	0	1	1.2099	NA	NA	NA	[emim][EtSO4]	EMIM	[EtSO4]	328	233.25	108.14	125.11	2	192.7845276469
80.712	0.996	0.004	0.9497	1.2098	NA	NA	NA	[emim][EtSO4]	EMIM	[EtSO4]	328	233.25	108.14	125.11	2	192.8004628864
39.213	0.992	0.008	0.9017	1.2086	NA	NA	NA	[emim][EtSO4]	EMIM	[EtSO4]	328	233.25	108.14	125.11	2	192.9918914446
24.319	0.987	0.013	0.8505	1.2075	NA	NA	NA	[emim][EtSO4]	EMIM	[EtSO4]	328	233.25	108.14	125.11	2	193.1677018634
17.142	0.981	0.019	0.8004	1.2066	NA	NA	NA	[emim][EtSO4]	EMIM	[EtSO4]	328	233.25	108.14	125.11	2	193.3117851815
12.79	0.975	0.025	0.7495	1.2053	NA	NA	NA	[emim][EtSO4]	EMIM	[EtSO4]	328	233.25	108.14	125.11	2	193.5202854061
9.979	0.968	0.032	0.7001	1.2038	NA	NA	NA	[emim][EtSO4]	EMIM	[EtSO4]	328	233.25	108.14	125.11	2	193.7614221632
7.925	0.96	0.04	0.6496	1.2024	NA	NA	NA	[emim][EtSO4]	EMIM	[EtSO4]	328	233.25	108.14	125.11	2	193.9870259481
6.447	0.951	0.049	0.6013	1.2003	NA	NA	NA	[emim][EtSO4]	EMIM	[EtSO4]	328	233.25	108.14	125.11	2	194.3264183954
5.214	0.94	0.06	0.5495	1.1986	NA	NA	NA	[emim][EtSO4]	EMIM	[EtSO4]	328	233.25	108.14	125.11	2	194.6020357083
4.285	0.929	0.071	0.5006	1.1962	NA	NA	NA	[emim][EtSO4]	EMIM	[EtSO4]	328	233.25	108.14	125.11	2	194.9924761746
3.505	0.914	0.086	0.4505	1.193	NA	NA	NA	[emim][EtSO4]	EMIM	[EtSO4]	328	233.25	108.14	125.11	2	195.5155071249
2.85	0.896	0.104	0.4	1.1892	NA	NA	NA	[emim][EtSO4]	EMIM	[EtSO4]	328	233.25	108.14	125.11	2	196.1402623613
2.298	0.874	0.126	0.3496	1.1844	NA	NA	NA	[emim][EtSO4]	EMIM	[EtSO4]	328	233.25	108.14	125.11	2	196.9351570415
1.833	0.847	0.153	0.3001	1.1782	NA	NA	NA	[emim][EtSO4]	EMIM	[EtSO4]	328	233.25	108.14	125.11	2	197.9714819216
1.423	0.812	0.188	0.2498	1.17	NA	NA	NA	[emim][EtSO4]	EMIM	[EtSO4]	328	233.25	108.14	125.11	2	199.358974359
1.069	0.764	0.236	0.2	1.1591	NA	NA	NA	[emim][EtSO4]	EMIM	[EtSO4]	328	233.25	108.14	125.11	2	201.233715814
0.755	0.696	0.304	0.1501	1.1439	NA	NA	NA	[emim][EtSO4]	EMIM	[EtSO4]	328	233.25	108.14	125.11	2	203.9076842381
0.475	0.59	0.41	0.1	1.1178	NA	NA	NA	[emim][EtSO4]	EMIM	[EtSO4]	328	233.25	108.14	125.11	2	208.6688137413
5.1605	1	0	1	1.2037	NA	NA	NA	[emim][EtSO4]	EMIM	[EtSO4]	338	233.25	108.14	125.11	2	193.7775193154
80.712	0.996	0.004	0.9497	1.2036	NA	NA	NA	[emim][EtSO4]	EMIM	[EtSO4]	338	233.25	108.14	125.11	2	193.7936191426
39.213	0.992	0.008	0.9017	1.2025	NA	NA	NA	[emim][EtSO4]	EMIM	[EtSO4]	338	233.25	108.14	125.11	2	193.9708939709
24.319	0.987	0.013	0.8505	1.2012	NA	NA	NA	[emim][EtSO4]	EMIM	[EtSO4]	338	233.25	108.14	125.11	2	194.1808191808
17.142	0.981	0.019	0.8004	1.2001	NA	NA	NA	[emim][EtSO4]	EMIM	[EtSO4]	338	233.25	108.14	125.11	2	194.358803433
12.79	0.975	0.025	0.7495	1.1987	NA	NA	NA	[emim][EtSO4]	EMIM	[EtSO4]	338	233.25	108.14	125.11	2	194.5858012847
9.979	0.968	0.032	0.7001	1.198	NA	NA	NA	[emim][EtSO4]	EMIM	[EtSO4]	338	233.25	108.14	125.11	2	194.6994991653
7.925	0.96	0.04	0.6496	1.1961	NA	NA	NA	[emim][EtSO4]	EMIM	[EtSO4]	338	233.25	108.14	125.11	2	195.0087785302
6.447	0.951	0.049	0.6013	1.1943	NA	NA	NA	[emim][EtSO4]	EMIM	[EtSO4]	338	233.25	108.14	125.11	2	195.3026877669
5.214	0.94	0.06	0.5495	1.1922	NA	NA	NA	[emim][EtSO4]	EMIM	[EtSO4]	338	233.25	108.14	125.11	2	195.6467035732
4.285	0.929	0.071	0.5006	1.1899	NA	NA	NA	[emim][EtSO4]	EMIM	[EtSO4]	338	233.25	108.14	125.11	2	196.02487604
3.505	0.914	0.086	0.4505	1.1868	NA	NA	NA	[emim][EtSO4]	EMIM	[EtSO4]	338	233.25	108.14	125.11	2	196.5369059656
2.85	0.896	0.104	0.4	1.183	NA	NA	NA	[emim][EtSO4]	EMIM	[EtSO4]	338	233.25	108.14	125.11	2	197.168216399
2.298	0.874	0.126	0.3496	1.178	NA	NA	NA	[emim][EtSO4]	EMIM	[EtSO4]	338	233.25	108.14	125.11	2	198.0050933786
1.833	0.847	0.153	0.3001	1.1718	NA	NA	NA	[emim][EtSO4]	EMIM	[EtSO4]	338	233.25	108.14	125.11	2	199.0527393753
1.423	0.812	0.188	0.2498	1.1638	NA	NA	NA	[emim][EtSO4]	EMIM	[EtSO4]	338	233.25	108.14	125.11	2	200.421034542
1.069	0.764	0.236	0.2	1.1531	NA	NA	NA	[emim][EtSO4]	EMIM	[EtSO4]	338	233.25	108.14	125.11	2	202.280808256
0.755	0.696	0.304	0.1501	1.1378	NA	NA	NA	[emim][EtSO4]	EMIM	[EtSO4]	338	233.25	108.14	125.11	2	205.0008788891
0.475	0.59	0.41	0.1	1.1124	NA	NA	NA	[emim][EtSO4]	EMIM	[EtSO4]	338	233.25	108.14	125.11	2	209.6817691478
0.152	0.033	0.967	0.003	1.0012	63.5	0.9523	NA	[BMIM][BF4]	BMIM	BF4	298	222.94	136.14	86.8	4	222.6727926488
0.203	0.043	0.957	0.004	1.0016	60.45	0.9694	NA	[BMIM][BF4]	BMIM	BF4	298	222.94	136.14	86.8	4	222.5838658147
0.324	0.068	0.932	0.006	1.0076	57.41	1.0171	NA	[BMIM][BF4]	BMIM	BF4	298	222.94	136.14	86.8	4	221.2584358873
0.54	0.108	0.892	0.01	1.0147	53.34	1.1053	NA	[BMIM][BF4]	BMIM	BF4	298	222.94	136.14	86.8	4	219.7102591899
0.932	0.172	0.828	0.017	1.0272	49.39	1.2708	NA	[BMIM][BF4]	BMIM	BF4	298	222.94	136.14	86.8	4	217.0366043614
1.268	0.221	0.779	0.022	1.0386	48.66	1.4563	NA	[BMIM][BF4]	BMIM	BF4	298	222.94	136.14	86.8	4	214.654342384
1.452	0.245	0.755	0.026	1.0445	47.9	1.578	NA	[BMIM][BF4]	BMIM	BF4	298	222.94	136.14	86.8	4	213.4418382001
2.122	0.322	0.678	0.037	1.0668	47.48	2.1747	NA	[BMIM][BF4]	BMIM	BF4	298	222.94	136.14	86.8	4	208.9801274841
2.531	0.361	0.639	0.044	1.0803	47	2.6878	NA	[BMIM][BF4]	BMIM	BF4	298	222.94	136.14	86.8	4	206.3686013145
3.108	0.41	0.59	0.053	1.0996	46.42	3.6955	NA	[BMIM][BF4]	BMIM	BF4	298	222.94	136.14	86.8	4	202.7464532557
3.69	0.452	0.548	0.062	1.1195	46.48	5.5375	NA	[BMIM][BF4]	BMIM	BF4	298	222.94	136.14	86.8	4	199.1424743189
4.319	0.491	0.509	0.072	1.1389	46.33	10.5124	NA	[BMIM][BF4]	BMIM	BF4	298	222.94	136.14	86.8	4	195.7502853631
4.67	0.511	0.489	0.078	1.1544	46.12	18.347	NA	[BMIM][BF4]	BMIM	BF4	298	222.94	136.14	86.8	4	193.121968122
4.842	0.52	0.48	0.08	1.16	46.53	27.7697	NA	[BMIM][BF4]	BMIM	BF4	298	222.94	136.14	86.8	4	192.1896551724
4.977	0.527	0.473	0.082	NA	37.0188	NA	NA	[BMIM][BF4]	BMIM	BF4	298	222.94	136.14	86.8	4	NA
5.066	0.531	0.469	0.084	NA	49.7931	NA	NA	[BMIM][BF4]	BMIM	BF4	298	222.94	136.14	86.8	4	NA
5.13	0.534	0.466	0.085	NA	78.1342	NA	NA	[BMIM][BF4]	BMIM	BF4	298	222.94	136.14	86.8	4	NA
0	0	1	0	0.997	74.07	0.8904	NA	[BMIM][BF4]	BMIM	BF4	298	222.94	136.14	86.8	4	223.6108324975
5.25298	1	0	1	1.1711	45.74	153.7804	NA	[BMIM][BF4]	BMIM	BF4	298	222.94	136.14	86.8	4	190.3680300572
NA  	1	0	1	NA	53.04	NA	NA	[EMIM][BF4]	EMIM	BF4	298	194.94	108.14	86.8	2	NA
46.813	0.99	0.01	0.9015	NA	53.25	NA	NA	[EMIM][BF4]	EMIM	BF4	298	194.94	108.14	86.8	2	NA
15.627	0.971	0.029	0.7534	NA	53.51	NA	NA	[EMIM][BF4]	EMIM	BF4	298	194.94	108.14	86.8	2	NA
7.73	0.942	0.058	0.6018	NA	53.73	NA	NA	[EMIM][BF4]	EMIM	BF4	298	194.94	108.14	86.8	2	NA
5.269	0.918	0.082	0.5074	NA	53.88	NA	NA	[EMIM][BF4]	EMIM	BF4	298	194.94	108.14	86.8	2	NA
3.426	0.879	0.121	0.4011	NA	54.01	NA	NA	[EMIM][BF4]	EMIM	BF4	298	194.94	108.14	86.8	2	NA
2.083	0.815	0.185	0.2894	NA	54.15	NA	NA	[EMIM][BF4]	EMIM	BF4	298	194.94	108.14	86.8	2	NA
1.393	0.747	0.253	0.2141	NA	53.8	NA	NA	[EMIM][BF4]	EMIM	BF4	298	194.94	108.14	86.8	2	NA
0.845	0.642	0.358	0.1418	NA	54.43	NA	NA	[EMIM][BF4]	EMIM	BF4	298	194.94	108.14	86.8	2	NA
0.581	0.552	0.448	0.102	NA	55.24	NA	NA	[EMIM][BF4]	EMIM	BF4	298	194.94	108.14	86.8	2	NA
0.39	0.452	0.548	0.0709	NA	55.92	NA	NA	[EMIM][BF4]	EMIM	BF4	298	194.94	108.14	86.8	2	NA
0.26	0.355	0.645	0.0483	NA	57.31	NA	NA	[EMIM][BF4]	EMIM	BF4	298	194.94	108.14	86.8	2	NA
0.152	0.243	0.757	0.0288	NA	58.15	NA	NA	[EMIM][BF4]	EMIM	BF4	298	194.94	108.14	86.8	2	NA
0.068	0.127	0.873	0.0132	NA	61.91	NA	NA	[EMIM][BF4]	EMIM	BF4	298	194.94	108.14	86.8	2	NA
0.064	0.119	0.881	0.0123	NA	62.87	NA	NA	[EMIM][BF4]	EMIM	BF4	298	194.94	108.14	86.8	2	NA
0.04	0.078	0.922	0.0077	NA	65	NA	NA	[EMIM][BF4]	EMIM	BF4	298	194.94	108.14	86.8	2	NA
0.021	0.042	0.958	0.004	NA	67.38	NA	NA	[EMIM][BF4]	EMIM	BF4	298	194.94	108.14	86.8	2	NA
0	0	1	0	NA	71.35	NA	NA	[EMIM][BF4]	EMIM	BF4	298	194.94	108.14	86.8	2	NA
0	1	0	1	NA	45.33	NA	NA	[BMIM][BF4]	BMIM	BF4	298	222.94	136.14	86.8	4	NA
40.477	0.991	0.009	0.9005	NA	45.41	NA	NA	[BMIM][BF4]	BMIM	BF4	298	222.94	136.14	86.8	4	NA
17.924	0.98	0.02	0.8003	NA	45.52	NA	NA	[BMIM][BF4]	BMIM	BF4	298	222.94	136.14	86.8	4	NA
10.766	0.968	0.032	0.7065	NA	45.68	NA	NA	[BMIM][BF4]	BMIM	BF4	298	222.94	136.14	86.8	4	NA
7.701	0.955	0.045	0.6326	NA	45.81	NA	NA	[BMIM][BF4]	BMIM	BF4	298	222.94	136.14	86.8	4	NA
5.052	0.933	0.067	0.5304	NA	46.02	NA	NA	[BMIM][BF4]	BMIM	BF4	298	222.94	136.14	86.8	4	NA
3.066	0.895	0.105	0.4067	NA	46.32	NA	NA	[BMIM][BF4]	BMIM	BF4	298	222.94	136.14	86.8	4	NA
1.883	0.839	0.161	0.2963	NA	46.25	NA	NA	[BMIM][BF4]	BMIM	BF4	298	222.94	136.14	86.8	4	NA
1.209	0.77	0.23	0.2128	NA	45.62	NA	NA	[BMIM][BF4]	BMIM	BF4	298	222.94	136.14	86.8	4	NA
0.994	0.733	0.267	0.1818	NA	45.91	NA	NA	[BMIM][BF4]	BMIM	BF4	298	222.94	136.14	86.8	4	NA
0.974	0.729	0.271	0.1788	NA	46.06	NA	NA	[BMIM][BF4]	BMIM	BF4	298	222.94	136.14	86.8	4	NA
0.865	0.706	0.294	0.1621	NA	46.16	NA	NA	[BMIM][BF4]	BMIM	BF4	298	222.94	136.14	86.8	4	NA
0.722	0.667	0.333	0.139	NA	46.22	NA	NA	[BMIM][BF4]	BMIM	BF4	298	222.94	136.14	86.8	4	NA
0.542	0.6	0.4	0.1081	NA	46.23	NA	NA	[BMIM][BF4]	BMIM	BF4	298	222.94	136.14	86.8	4	NA
0.504	0.583	0.417	0.1013	NA	45.63	NA	NA	[BMIM][BF4]	BMIM	BF4	298	222.94	136.14	86.8	4	NA
0.496	0.579	0.421	0.0998	NA	46.19	NA	NA	[BMIM][BF4]	BMIM	BF4	298	222.94	136.14	86.8	4	NA
0.388	0.518	0.482	0.0799	NA	45.99	NA	NA	[BMIM][BF4]	BMIM	BF4	298	222.94	136.14	86.8	4	NA
0.336	0.482	0.518	0.0698	NA	46.14	NA	NA	[BMIM][BF4]	BMIM	BF4	298	222.94	136.14	86.8	4	NA
0.278	0.435	0.565	0.0586	NA	46.25	NA	NA	[BMIM][BF4]	BMIM	BF4	298	222.94	136.14	86.8	4	NA
0.234	0.394	0.606	0.0498	NA	46.27	NA	NA	[BMIM][BF4]	BMIM	BF4	298	222.94	136.14	86.8	4	NA
0.188	0.343	0.657	0.0404	NA	46.02	NA	NA	[BMIM][BF4]	BMIM	BF4	298	222.94	136.14	86.8	4	NA
0.091	0.202	0.798	0.02	NA	46.93	NA	NA	[BMIM][BF4]	BMIM	BF4	298	222.94	136.14	86.8	4	NA
0.042	0.105	0.895	0.0094	NA	50.63	NA	NA	[BMIM][BF4]	BMIM	BF4	298	222.94	136.14	86.8	4	NA
0.033	0.085	0.915	0.0074	NA	51.77	NA	NA	[BMIM][BF4]	BMIM	BF4	298	222.94	136.14	86.8	4	NA
0.026	0.067	0.933	0.0058	NA	54.34	NA	NA	[BMIM][BF4]	BMIM	BF4	298	222.94	136.14	86.8	4	NA
0.018	0.046	0.954	0.0039	NA	57.3	NA	NA	[BMIM][BF4]	BMIM	BF4	298	222.94	136.14	86.8	4	NA
0.004	0.012	0.988	0.001	NA	51.62	NA	NA	[BMIM][BF4]	BMIM	BF4	298	222.94	136.14	86.8	4	NA
0.001	0.004	0.996	0.0003	NA	61.5	NA	NA	[BMIM][BF4]	BMIM	BF4	298	222.94	136.14	86.8	4	NA
0	    0.001	0.999	0.0001	NA	61.54	NA	NA	[BMIM][BF4]	BMIM	BF4	298	222.94	136.14	86.8	4	NA
0	    0	1	0	NA	71.35	NA	NA	[BMIM][BF4]	BMIM	BF4	298	222.94	136.14	86.8	4	NA
0	    1	0	1	NA	37.33	NA	NA	[HMIM][BF4]	HMIM	BF4	298	254.07	167.27	86.8	6	NA
35.399	0.992	0.008	0.9002	NA	37.33	NA	NA	[HMIM][BF4]	HMIM	BF4	298	254.07	167.27	86.8	6	NA
15.997	0.983	0.017	0.803	NA	37.35	NA	NA	[HMIM][BF4]	HMIM	BF4	298	254.07	167.27	86.8	6	NA
9.411	0.971	0.029	0.7057	NA	37.4	NA	NA	[HMIM][BF4]	HMIM	BF4	298	254.07	167.27	86.8	6	NA
6.039	0.956	0.044	0.6061	NA	37.52	NA	NA	[HMIM][BF4]	HMIM	BF4	298	254.07	167.27	86.8	6	NA
4.017	0.935	0.065	0.5058	NA	37.65	NA	NA	[HMIM][BF4]	HMIM	BF4	298	254.07	167.27	86.8	6	NA
2.681	0.906	0.094	0.4059	NA	37.79	NA	NA	[HMIM][BF4]	HMIM	BF4	298	254.07	167.27	86.8	6	NA
1.708	0.86	0.14	0.3032	NA	37.93	NA	NA	[HMIM][BF4]	HMIM	BF4	298	254.07	167.27	86.8	6	NA
0.177	0.043	0.957	0.003	NA	NA	NA	NA	[HMIM][BF4]	HMIM	BF4	298	254.07	167.27	86.8	6	NA
1.4	    0.238	0.762	0.025	NA	NA	NA	1.337	[BMIM][BF4]	BMIM	BF4	298	222.94	136.14	86.8	4	NA
1.89	0.297	0.703	0.033	NA	NA	NA	1.367	[BMIM][BF4]	BMIM	BF4	298	222.94	136.14	86.8	4	NA
2.08	0.317	0.683	0.036	NA	NA	NA	1.379	[BMIM][BF4]	BMIM	BF4	298	222.94	136.14	86.8	4	NA
2.33	0.343	0.657	0.04	NA	NA	NA	1.383	[BMIM][BF4]	BMIM	BF4	298	222.94	136.14	86.8	4	NA
2.63	0.37	0.63	0.045	NA	NA	NA	1.389	[BMIM][BF4]	BMIM	BF4	298	222.94	136.14	86.8	4	NA
2.86	0.39	0.61	0.049	NA	NA	NA	1.397	[BMIM][BF4]	BMIM	BF4	298	222.94	136.14	86.8	4	NA
3.12	0.411	0.589	0.053	NA	NA	NA	1.403	[BMIM][BF4]	BMIM	BF4	298	222.94	136.14	86.8	4	NA
3.31	0.425	0.575	0.056	NA	NA	NA	1.408	[BMIM][BF4]	BMIM	BF4	298	222.94	136.14	86.8	4	NA
3.54	0.442	0.558	0.06	NA	NA	NA	1.413	[BMIM][BF4]	BMIM	BF4	298	222.94	136.14	86.8	4	NA
3.79	0.459	0.541	0.064	NA	NA	NA	1.419	[BMIM][BF4]	BMIM	BF4	298	222.94	136.14	86.8	4	NA
4.08	0.477	0.523	0.069	NA	NA	NA	1.425	[BMIM][BF4]	BMIM	BF4	298	222.94	136.14	86.8	4	NA
4.41	0.496	0.504	0.074	NA	NA	NA	1.432	[BMIM][BF4]	BMIM	BF4	298	222.94	136.14	86.8	4	NA
4.78	0.517	0.483	0.079	NA	NA	NA	1.44	[BMIM][BF4]	BMIM	BF4	298	222.94	136.14	86.8	4	NA
5	    0.528	0.472	0.083	NA	NA	NA	1.449	[BMIM][BF4]	BMIM	BF4	298	222.94	136.14	86.8	4	NA
5.06	0.531	0.469	0.084	NA	NA	NA	1.454	[BMIM][BF4]	BMIM	BF4	298	222.94	136.14	86.8	4	NA
5.1 	0.533	0.467	0.084	NA	NA	NA	1.455	[BMIM][BF4]	BMIM	BF4	298	222.94	136.14	86.8	4	NA
5.12	0.534	0.466	0.085	NA	NA	NA	1.458	[BMIM][BF4]	BMIM	BF4	298	222.94	136.14	86.8	4	NA
5.14	0.535	0.465	0.085	NA	NA	NA	1.458	[BMIM][BF4]	BMIM	BF4	298	222.94	136.14	86.8	4	NA
5.15	0.535	0.465	0.085	NA	NA	NA	1.458	[BMIM][BF4]	BMIM	BF4	298	222.94	136.14	86.8	4	NA
5.17	0.536	0.464	0.085	NA	NA	NA	1.46	[BMIM][BF4]	BMIM	BF4	298	222.94	136.14	86.8	4	NA
5.19	0.537	0.463	0.086	NA	NA	NA	1.459	[BMIM][BF4]	BMIM	BF4	298	222.94	136.14	86.8	4	NA
5.21	0.538	0.462	0.086	NA	NA	NA	1.46	[BMIM][BF4]	BMIM	BF4	298	222.94	136.14	86.8	4	NA
5.23	0.539	0.461	0.086	NA	NA	NA	1.459	[BMIM][BF4]	BMIM	BF4	298	222.94	136.14	86.8	4	NA
5.25	0.54	0.46	0.087	NA	NA	NA	1.459	[BMIM][BF4]	BMIM	BF4	298	222.94	136.14	86.8	4	NA
5.27	0.541	0.459	0.087	NA	NA	NA	1.46	[BMIM][BF4]	BMIM	BF4	298	222.94	136.14	86.8	4	NA
5.29	0.542	0.458	0.087	NA	NA	NA	1.46	[BMIM][BF4]	BMIM	BF4	298	222.94	136.14	86.8	4	NA
NA	1	0	1	1.241	NA	NA	NA	[emim][EtSO4]	EMIM	[EtSO4]	293	233.25	108.14	125.11	2	187.9532634972
NA	1	0	1	1.211	NA	NA	NA	[bmim][MetSO4]	BMIM	[MetSO4]	293	247.25	136.14	111.11	4	204.1701073493
NA	1	0	1	1.39	NA	NA	NA	[emim][triﬂate]	EMIM	[triflate]	293	257.21	108.14	149.07	2	185.0431654676
NA	1	0	1	1.302	NA	NA	NA	[bmim][triﬂate]	BMIM	[triflate]	293	285.21	136.14	149.07	4	219.0552995392
NA	0	1	0	0.998	NA	NA	NA	Water			293	0			0	0
NA	1	0	1	1.237	NA	NA	NA	[emim][EtSO4]	EMIM	[EtSO4]	298	233.25	108.14	125.11	2	188.5610347615
NA	1	0	1	1.207	NA	NA	NA	[bmim][MetSO4]	BMIM	[MetSO4]	298	247.25	136.14	111.11	4	204.8467274234
NA	1	0	1	1.385	NA	NA	NA	[emim][triﬂate]	EMIM	[triflate]	298	257.21	108.14	149.07	2	185.7111913357
NA	1	0	1	1.298	NA	NA	NA	[bmim][triﬂate]	BMIM	[triflate]	298	285.21	136.14	149.07	4	219.7303543914
NA	0	1	0	0.997	NA	NA	NA	Water			298	0			0	0
NA	1	0	1	1.234	NA	NA	NA	[emim][EtSO4]	EMIM	[EtSO4]	303	233.25	108.14	125.11	2	189.0194489465
NA	1	0	1	1.204	NA	NA	NA	[bmim][MetSO4]	BMIM	[MetSO4]	303	247.25	136.14	111.11	3	205.3571428571
NA	1	0	1	1.381	NA	NA	NA	[emim][triﬂate]	EMIM	[triflate]	303	257.21	108.14	149.07	2	186.2490948588
NA	1	0	1	1.294	NA	NA	NA	[bmim][triﬂate]	BMIM	[triflate]	303	285.21	136.14	149.07	4	220.4095826893
NA	0	1	0	0.996	NA	NA	NA	Water			303	0			0	0
NA	1	0	1	1.23	NA	NA	NA	[emim][EtSO4]	EMIM	[EtSO4]	308	233.25	108.14	125.11	2	189.6341463415
NA	1	0	1	1.201	NA	NA	NA	[bmim][MetSO4]	BMIM	[MetSO4]	308	247.25	136.14	111.11	3	205.8701082431
NA	1	0	1	1.377	NA	NA	NA	[emim][triﬂate]	EMIM	[triflate]	308	257.21	108.14	149.07	2	186.7901234568
NA	1	0	1	1.29	NA	NA	NA	[bmim][triﬂate]	BMIM	[triflate]	308	285.21	136.14	149.07	4	221.0930232558
NA	0	1	0	0.994	NA	NA	NA	Water			308	0			0	0
NA	1	0	1	1.227	NA	NA	NA	[emim][EtSO4]	EMIM	[EtSO4]	313	233.25	108.14	125.11	2	190.097799511
NA	1	0	1	1.198	NA	NA	NA	[bmim][MetSO4]	BMIM	[MetSO4]	313	247.25	136.14	111.11	3	206.3856427379
NA	1	0	1	1.373	NA	NA	NA	[emim][triﬂate]	EMIM	[triflate]	313	257.21	108.14	149.07	2	187.3343044428
NA	1	0	1	1.286	NA	NA	NA	[bmim][triﬂate]	BMIM	[triflate]	313	285.21	136.14	149.07	4	221.7807153966
NA	0	1	0	0.992	NA	NA	NA	Water			313	0			0	0
NA	1	0	1	1.224	NA	NA	NA	[emim][EtSO4]	EMIM	[EtSO4]	318	233.25	108.14	125.11	2	190.5637254902
NA	1	0	1	1.194	NA	NA	NA	[bmim][MetSO4]	BMIM	[MetSO4]	318	247.25	136.14	111.11	3	207.0770519263
NA	1	0	1	1.369	NA	NA	NA	[emim][triﬂate]	EMIM	[triflate]	318	257.21	108.14	149.07	2	187.8816654492
NA	1	0	1	1.282	NA	NA	NA	[bmim][triﬂate]	BMIM	[triflate]	318	285.21	136.14	149.07	4	222.472698908
NA	0	1	0	0.99	NA	NA	NA	Water			318	0			0	0
NA	1	0	1	1.2984	NA	63.19	NA	[bmim][triﬂate]	BMIM	[triflate]	303	285.21	136.14	149.07	4	219.6626617375
NA	0.993	0.007	0.897	1.2945	NA	45.696	NA	[bmim][triﬂate]	BMIM	[triflate]	303	285.21	136.14	149.07	4	220.3244495944
NA	0.985	0.015	0.806	1.2912	NA	35.415	NA	[bmim][triﬂate]	BMIM	[triflate]	303	285.21	136.14	149.07	4	220.8875464684
NA	0.974	0.026	0.701	1.287	NA	28.969	NA	[bmim][triﬂate]	BMIM	[triflate]	303	285.21	136.14	149.07	4	221.6083916084
NA	0.96	0.04	0.6	1.2808	NA	23.248	NA	[bmim][triﬂate]	BMIM	[triflate]	303	285.21	136.14	149.07	4	222.6811367895
NA	0.94	0.06	0.499	1.2728	NA	19.187	NA	[bmim][triﬂate]	BMIM	[triflate]	303	285.21	136.14	149.07	4	224.0807668133
NA	0.916	0.084	0.408	1.263	NA	15.467	NA	[bmim][triﬂate]	BMIM	[triflate]	303	285.21	136.14	149.07	4	225.8194774347
NA	0.87	0.13	0.298	1.2462	NA	11.556	NA	[bmim][triﬂate]	BMIM	[triflate]	303	285.21	136.14	149.07	4	228.8637457872
NA	0.799	0.201	0.201	1.2201	NA	8.2063	NA	[bmim][triﬂate]	BMIM	[triflate]	303	285.21	136.14	149.07	4	233.7595279075
NA	0.635	0.365	0.099	1.1646	NA	4.5521	NA	[bmim][triﬂate]	BMIM	[triflate]	303	285.21	136.14	149.07	4	244.8995363215
NA	0	1	0	0.9957	NA	0.7977	NA	[bmim][triﬂate]	BMIM	[triflate]	303	285.21	136.14	149.07	4	286.441699307
NA	1	0	1	1.2949	NA	51.729	NA	[bmim][triﬂate]	BMIM	[triflate]	308	285.21	136.14	149.07	4	220.2563904549
NA	0.993	0.007	0.897	1.291	NA	37.227	NA	[bmim][triﬂate]	BMIM	[triflate]	308	285.21	136.14	149.07	4	220.9217660728
NA	0.985	0.015	0.806	1.2877	NA	29.27	NA	[bmim][triﬂate]	BMIM	[triflate]	308	285.21	136.14	149.07	4	221.4879242059
NA	0.974	0.026	0.701	1.283	NA	24.276	NA	[bmim][triﬂate]	BMIM	[triflate]	308	285.21	136.14	149.07	4	222.2992985191
NA	0.96	0.04	0.6	1.2773	NA	19.951	NA	[bmim][triﬂate]	BMIM	[triflate]	308	285.21	136.14	149.07	4	223.2913176231
NA	0.94	0.06	0.499	1.2693	NA	16.805	NA	[bmim][triﬂate]	BMIM	[triflate]	308	285.21	136.14	149.07	4	224.6986528008
NA	0.916	0.084	0.408	1.2595	NA	13.202	NA	[bmim][triﬂate]	BMIM	[triflate]	308	285.21	136.14	149.07	4	226.4470027789
NA	0.87	0.13	0.298	1.2425	NA	10.13	NA	[bmim][triﬂate]	BMIM	[triflate]	308	285.21	136.14	149.07	4	229.5452716298
NA	0.799	0.201	0.201	1.2166	NA	6.932	NA	[bmim][triﬂate]	BMIM	[triflate]	308	285.21	136.14	149.07	4	234.4320236725
NA	0.635	0.365	0.099	1.1606	NA	3.8692	NA	[bmim][triﬂate]	BMIM	[triflate]	308	285.21	136.14	149.07	4	245.7435809064
NA	0	1	0	0.994	NA	0.719	NA	[bmim][triﬂate]	BMIM	[triflate]	308	285.21	136.14	149.07	4	286.9315895372
NA	1	0	1	1.2914	NA	42.458	NA	[bmim][triﬂate]	BMIM	[triflate]	313	285.21	136.14	149.07	4	220.8533374632
NA	0.993	0.007	0.897	1.2875	NA	30.927	NA	[bmim][triﬂate]	BMIM	[triflate]	313	285.21	136.14	149.07	4	221.5223300971
NA	0.985	0.015	0.806	1.2841	NA	24.463	NA	[bmim][triﬂate]	BMIM	[triflate]	313	285.21	136.14	149.07	4	222.1088700257
NA	0.974	0.026	0.701	1.2794	NA	20.532	NA	[bmim][triﬂate]	BMIM	[triflate]	313	285.21	136.14	149.07	4	222.924808504
NA	0.96	0.04	0.6	1.2738	NA	16.88	NA	[bmim][triﬂate]	BMIM	[triflate]	313	285.21	136.14	149.07	4	223.9048516251
NA	0.94	0.06	0.499	1.2657	NA	13.948	NA	[bmim][triﬂate]	BMIM	[triflate]	313	285.21	136.14	149.07	4	225.3377577625
NA	0.916	0.084	0.408	1.2559	NA	11.21	NA	[bmim][triﬂate]	BMIM	[triflate]	313	285.21	136.14	149.07	4	227.0961063779
NA	0.87	0.13	0.298	1.2388	NA	8.6049	NA	[bmim][triﬂate]	BMIM	[triflate]	313	285.21	136.14	149.07	4	230.2308685825
NA	0.799	0.201	0.201	1.2129	NA	5.989	NA	[bmim][triﬂate]	BMIM	[triflate]	313	285.21	136.14	149.07	4	235.1471679446
NA	0.635	0.365	0.099	1.1567	NA	3.3759	NA	[bmim][triﬂate]	BMIM	[triflate]	313	285.21	136.14	149.07	4	246.572144895
NA	0	1	0	0.9922	NA	0.6532	NA	[bmim][triﬂate]	BMIM	[triflate]	313	285.21	136.14	149.07	4	287.4521265874
NA	1	0	1	1.2878	NA	35.174	NA	[bmim][triﬂate]	BMIM	[triflate]	318	285.21	136.14	149.07	4	221.4707252679
NA	0.993	0.007	0.897	1.2838	NA	25.041	NA	[bmim][triﬂate]	BMIM	[triflate]	318	285.21	136.14	149.07	4	222.160772706
NA	0.985	0.015	0.806	1.2804	NA	20.791	NA	[bmim][triﬂate]	BMIM	[triflate]	318	285.21	136.14	149.07	4	222.7507029053
NA	0.974	0.026	0.701	1.2758	NA	17.549	NA	[bmim][triﬂate]	BMIM	[triflate]	318	285.21	136.14	149.07	4	223.5538485656
NA	0.96	0.04	0.6	1.2702	NA	14.377	NA	[bmim][triﬂate]	BMIM	[triflate]	318	285.21	136.14	149.07	4	224.5394426075
NA	0.94	0.06	0.499	1.262	NA	12.001	NA	[bmim][triﬂate]	BMIM	[triflate]	318	285.21	136.14	149.07	4	225.9984152139
NA	0.916	0.084	0.408	1.2522	NA	9.9072	NA	[bmim][triﬂate]	BMIM	[triflate]	318	285.21	136.14	149.07	4	227.7671298515
NA	0.87	0.13	0.298	1.2349	NA	7.465	NA	[bmim][triﬂate]	BMIM	[triflate]	318	285.21	136.14	149.07	4	230.9579723055
NA	0.799	0.201	0.201	1.2089	NA	5.3393	NA	[bmim][triﬂate]	BMIM	[triflate]	318	285.21	136.14	149.07	4	235.9252212755
NA	0.635	0.365	0.099	1.153	NA	3.1563	NA	[bmim][triﬂate]	BMIM	[triflate]	318	285.21	136.14	149.07	4	247.3633998265
NA	0	1	0	0.9902	NA	0.6001	NA	[bmim][triﬂate]	BMIM	[triflate]	318	285.21	136.14	149.07	4	288.0327206625
NA	1	0	1	1.2844	NA	29.553	NA	[bmim][triﬂate]	BMIM	[triflate]	323	285.21	136.14	149.07	4	222.0569915914
NA	0.993	0.007	0.897	1.2803	NA	21.507	NA	[bmim][triﬂate]	BMIM	[triflate]	323	285.21	136.14	149.07	4	222.7681012263
NA	0.985	0.015	0.806	1.2768	NA	18.108	NA	[bmim][triﬂate]	BMIM	[triflate]	323	285.21	136.14	149.07	4	223.3787593985
NA	0.974	0.026	0.701	1.2722	NA	15.173	NA	[bmim][triﬂate]	BMIM	[triflate]	323	285.21	136.14	149.07	4	224.1864486716
NA	0.96	0.04	0.6	1.2665	NA	12.618	NA	[bmim][triﬂate]	BMIM	[triflate]	323	285.21	136.14	149.07	4	225.1954204501
NA	0.94	0.06	0.499	1.2583	NA	10.423	NA	[bmim][triﬂate]	BMIM	[triflate]	323	285.21	136.14	149.07	4	226.6629579592
NA	0.916	0.084	0.408	1.2485	NA	8.5157	NA	[bmim][triﬂate]	BMIM	[triflate]	323	285.21	136.14	149.07	4	228.4421305567
NA	0.87	0.13	0.298	1.2311	NA	6.5763	NA	[bmim][triﬂate]	BMIM	[triflate]	323	285.21	136.14	149.07	4	231.6708634554
NA	0.799	0.201	0.201	1.2052	NA	4.5704	NA	[bmim][triﬂate]	BMIM	[triflate]	323	285.21	136.14	149.07	4	236.6495187521
NA	0.635	0.365	0.099	1.15	NA	3.0054	NA	[bmim][triﬂate]	BMIM	[triflate]	323	285.21	136.14	149.07	4	248.0086956522
NA	0	1	0	0.9881	NA	0.547	NA	[bmim][triﬂate]	BMIM	[triflate]	323	285.21	136.14	149.07	4	288.6448740006
NA	1	0	1	1.2774	NA	21.609	NA	[bmim][triﬂate]	BMIM	[triflate]	333	285.21	136.14	149.07	4	223.2738374824
NA	0.993	0.007	0.897	1.2731	NA	16.069	NA	[bmim][triﬂate]	BMIM	[triflate]	333	285.21	136.14	149.07	4	224.0279632393
NA	0.985	0.015	0.806	1.2697	NA	13.507	NA	[bmim][triﬂate]	BMIM	[triflate]	333	285.21	136.14	149.07	4	224.62786485
NA	0.974	0.026	0.701	1.265	NA	11.613	NA	[bmim][triﬂate]	BMIM	[triflate]	333	285.21	136.14	149.07	4	225.4624505929
NA	0.96	0.04	0.6	1.2593	NA	9.88	NA	[bmim][triﬂate]	BMIM	[triflate]	333	285.21	136.14	149.07	4	226.4829667275
NA	0.94	0.06	0.499	1.2511	NA	8.1008	NA	[bmim][triﬂate]	BMIM	[triflate]	333	285.21	136.14	149.07	4	227.9673886979
NA	0.916	0.084	0.408	1.2413	NA	6.7021	NA	[bmim][triﬂate]	BMIM	[triflate]	333	285.21	136.14	149.07	4	229.7671795698
NA	0.87	0.13	0.298	1.2234	NA	5.1369	NA	[bmim][triﬂate]	BMIM	[triflate]	333	285.21	136.14	149.07	4	233.1289847965
NA	0.799	0.201	0.201	1.1972	NA	3.6181	NA	[bmim][triﬂate]	BMIM	[triflate]	333	285.21	136.14	149.07	4	238.2308720347
NA	0.635	0.365	0.099	1.1426	NA	2.0992	NA	[bmim][triﬂate]	BMIM	[triflate]	333	285.21	136.14	149.07	4	249.6149133555
NA	0	1	0	0.9832	NA	0.4665	NA	[bmim][triﬂate]	BMIM	[triflate]	333	285.21	136.14	149.07	4	290.0834011391
NA	1	0	1	1.2705	NA	16.376	NA	[bmim][triﬂate]	BMIM	[triflate]	333	285.21	136.14	149.07	4	224.4864226682
NA	0.993	0.007	0.897	1.266	NA	12.443	NA	[bmim][triﬂate]	BMIM	[triflate]	343	285.21	136.14	149.07	4	225.2843601896
NA	0.985	0.015	0.806	1.2626	NA	10.545	NA	[bmim][triﬂate]	BMIM	[triflate]	343	285.21	136.14	149.07	4	225.8910185332
NA	0.974	0.026	0.701	1.2579	NA	9.1368	NA	[bmim][triﬂate]	BMIM	[triflate]	343	285.21	136.14	149.07	4	226.7350345814
NA	0.96	0.04	0.6	1.2522	NA	7.8156	NA	[bmim][triﬂate]	BMIM	[triflate]	343	285.21	136.14	149.07	4	227.7671298515
NA	0.94	0.06	0.499	1.244	NA	6.6122	NA	[bmim][triﬂate]	BMIM	[triflate]	343	285.21	136.14	149.07	4	229.268488746
NA	0.916	0.084	0.408	1.2339	NA	5.3842	NA	[bmim][triﬂate]	BMIM	[triflate]	343	285.21	136.14	149.07	4	231.1451495259
NA	0.87	0.13	0.298	1.2156	NA	4.2397	NA	[bmim][triﬂate]	BMIM	[triflate]	343	285.21	136.14	149.07	4	234.6248766041
NA	0.799	0.201	0.201	1.1893	NA	2.9364	NA	[bmim][triﬂate]	BMIM	[triflate]	343	285.21	136.14	149.07	4	239.8133355755
NA	0.635	0.365	0.099	1.1343	NA	1.7141	NA	[bmim][triﬂate]	BMIM	[triflate]	343	285.21	136.14	149.07	4	251.4414176144
NA	0	1	0	0.9778	NA	0.404	NA	[bmim][triﬂate]	BMIM	[triflate]	343	285.21	136.14	149.07	4	291.6854162405
NA	0	1	0	1.04	NA	NA	NA	[C6mim][Cl]	HMIM	Cl	298	202.77	167.27	35.5	6	194.9711538462
NA	0.224	0.776	0.127	1.04	NA	NA	NA	[C6mim][Cl]	HMIM	Cl	298	202.77	167.27	35.5	6	194.9711538462
NA	0.478	0.522	0.317	1.041	NA	NA	NA	[C6mim][Cl]	HMIM	Cl	298	202.77	167.27	35.5	6	194.7838616715
NA	0.558	0.442	0.391	1.041	NA	NA	NA	[C6mim][Cl]	HMIM	Cl	298	202.77	167.27	35.5	6	194.7838616715
NA	0	1	0	1.031	NA	NA	NA	[C6mim][Cl]	HMIM	Cl	313	202.77	167.27	35.5	6	196.6731328807
NA	0.224	0.776	0.127	1.032	NA	NA	NA	[C6mim][Cl]	HMIM	Cl	313	202.77	167.27	35.5	6	196.4825581395
NA	0.478	0.522	0.317	1.032	NA	NA	NA	[C6mim][Cl]	HMIM	Cl	313	202.77	167.27	35.5	6	196.4825581395
NA	0.558	0.442	0.391	1.033	NA	NA	NA	[C6mim][Cl]	HMIM	Cl	313	202.77	167.27	35.5	6	196.2923523717
NA	0	1	0	1.023	NA	NA	NA	[C6mim][Cl]	HMIM	Cl	328	202.77	167.27	35.5	6	198.211143695
NA	0.224	0.776	0.127	1.023	NA	NA	NA	[C6mim][Cl]	HMIM	Cl	328	202.77	167.27	35.5	6	198.211143695
NA	0.478	0.522	0.317	1.024	NA	NA	NA	[C6mim][Cl]	HMIM	Cl	328	202.77	167.27	35.5	6	198.017578125
NA	0.558	0.442	0.391	1.024	NA	NA	NA	[C6mim][Cl]	HMIM	Cl	328	202.77	167.27	35.5	6	198.017578125
NA	0	1	0	1.014	NA	NA	NA	[C6mim][Cl]	HMIM	Cl	343	202.77	167.27	35.5	6	199.9704142012
NA	0.224	0.776	0.127	1.015	NA	NA	NA	[C6mim][Cl]	HMIM	Cl	343	202.77	167.27	35.5	6	199.7733990148
NA	0.478	0.522	0.317	1.016	NA	NA	NA	[C6mim][Cl]	HMIM	Cl	343	202.77	167.27	35.5	6	199.5767716535
NA	0.558	0.442	0.391	1.016	NA	NA	NA	[C6mim][Cl]	HMIM	Cl	343	202.77	167.27	35.5	6	199.5767716535
NA	0	1	0	1.009	NA	NA	NA	[C8mim][Cl]	OMIM	Cl	298	230.83	195.33	35.5	8	228.7710604559
NA	0.256	0.744	0.148	1.01	NA	NA	NA	[C8mim][Cl]	OMIM	Cl	298	230.83	195.33	35.5	8	228.5445544554
NA	0.334	0.666	0.203	1.01	NA	NA	NA	[C8mim][Cl]	OMIM	Cl	298	230.83	195.33	35.5	8	228.5445544554
NA	0.576	0.424	0.408	1.012	NA	NA	NA	[C8mim][Cl]	OMIM	Cl	298	230.83	195.33	35.5	8	228.0928853755
NA	0	1	0	1	NA	NA	NA	[C8mim][Cl]	OMIM	Cl	313	230.83	195.33	35.5	8	230.83
NA	0.256	0.744	0.148	1.001	NA	NA	NA	[C8mim][Cl]	OMIM	Cl	313	230.83	195.33	35.5	8	230.5994005994
NA	0.334	0.666	0.203	1.001	NA	NA	NA	[C8mim][Cl]	OMIM	Cl	313	230.83	195.33	35.5	8	230.5994005994
NA	0.576	0.424	0.408	1.003	NA	NA	NA	[C8mim][Cl]	OMIM	Cl	313	230.83	195.33	35.5	8	230.1395812562
NA	0	1	0	0.992	NA	NA	NA	[C8mim][Cl]	OMIM	Cl	328	230.83	195.33	35.5	8	232.6915322581
NA	0.256	0.744	0.148	0.992	NA	NA	NA	[C8mim][Cl]	OMIM	Cl	328	230.83	195.33	35.5	8	232.6915322581
NA	0.334	0.666	0.203	0.993	NA	NA	NA	[C8mim][Cl]	OMIM	Cl	328	230.83	195.33	35.5	8	232.4572004028
NA	0.576	0.424	0.408	0.994	NA	NA	NA	[C8mim][Cl]	OMIM	Cl	328	230.83	195.33	35.5	8	232.2233400402
NA	0	1	0	0.983	NA	NA	NA	[C8mim][Cl]	OMIM	Cl	343	230.83	195.33	35.5	8	234.8219735504
NA	0.256	0.744	0.148	0.984	NA	NA	NA	[C8mim][Cl]	OMIM	Cl	343	230.83	195.33	35.5	8	234.5833333333
NA	0.334	0.666	0.203	0.984	NA	NA	NA	[C8mim][Cl]	OMIM	Cl	343	230.83	195.33	35.5	8	234.5833333333
NA	0.576	0.424	0.408	0.986	NA	NA	NA	[C8mim][Cl]	OMIM	Cl	343	230.83	195.33	35.5	8	234.107505071

